r02000
1.000000 0.001390
0.999783 0.001433
0.999045 0.001563
0.997817 0.001779
0.996098 0.002080
0.993892 0.002466
0.991200 0.002935
0.988024 0.003487
0.984369 0.004120
0.980236 0.004831
0.975631 0.005620
0.970558 0.006483
0.965021 0.007420
0.959026 0.008426
0.952580 0.009500
0.945687 0.010640
0.938356 0.011841
0.930592 0.013102
0.922405 0.014418
0.913800 0.015788
0.904788 0.017207
0.895377 0.018673
0.885575 0.020182
0.875393 0.021731
0.864841 0.023316
0.853928 0.024934
0.842666 0.026582
0.831065 0.028255
0.819138 0.029951
0.806895 0.031666
0.794348 0.033396
0.781511 0.035139
0.768395 0.036889
0.755013 0.038644
0.741379 0.040399
0.727506 0.042153
0.713407 0.043899
0.699097 0.045636
0.684589 0.047358
0.669898 0.049063
0.655039 0.050747
0.640025 0.052404
0.624872 0.054033
0.609595 0.055628
0.594209 0.057186
0.578728 0.058702
0.563169 0.060173
0.547546 0.061595
0.531876 0.062962
0.516173 0.064272
0.500453 0.065520
0.484732 0.066703
0.469025 0.067815
0.453347 0.068853
0.437715 0.069813
0.422144 0.070692
0.406649 0.071485
0.391246 0.072188
0.375950 0.072800
0.360776 0.073315
0.345739 0.073732
0.330854 0.074047
0.316136 0.074257
0.301600 0.074360
0.287259 0.074355
0.273129 0.074239
0.259224 0.074010
0.245556 0.073668
0.232140 0.073211
0.218990 0.072639
0.206117 0.071952
0.193379 0.071142
0.180808 0.070164
0.168571 0.069016
0.156681 0.067705
0.145150 0.066236
0.133990 0.064616
0.123214 0.062853
0.112833 0.060953
0.102857 0.058925
0.093297 0.056776
0.084163 0.054514
0.075463 0.052147
0.067207 0.049683
0.059401 0.047131
0.052053 0.044498
0.045171 0.041793
0.038759 0.039023
0.032824 0.036195
0.027371 0.033317
0.022403 0.030396
0.017925 0.027438
0.013940 0.024449
0.010450 0.021436
0.007458 0.018402
0.004965 0.015353
0.002972 0.012293
0.001479 0.009225
0.000487 0.006152
-0.000006 0.003077
0.000000 0.000000
0.000499 -0.003036
0.001486 -0.005990
0.002959 -0.008860
0.004913 -0.011647
0.007346 -0.014351
0.010254 -0.016969
0.013633 -0.019504
0.017477 -0.021953
0.021781 -0.024317
0.026540 -0.026595
0.031748 -0.028788
0.037399 -0.030896
0.043486 -0.032919
0.050002 -0.034857
0.056940 -0.036711
0.064292 -0.038482
0.072051 -0.040170
0.080209 -0.041776
0.088756 -0.043302
0.097686 -0.044750
0.106988 -0.046121
0.116654 -0.047416
0.126675 -0.048640
0.137041 -0.049793
0.147744 -0.050879
0.158772 -0.051901
0.170117 -0.052862
0.181768 -0.053766
0.193714 -0.054617
0.206097 -0.055411
0.218927 -0.056106
0.232033 -0.056695
0.245402 -0.057178
0.259023 -0.057557
0.272880 -0.057834
0.286961 -0.058008
0.301252 -0.058083
0.315739 -0.058062
0.330408 -0.057945
0.345244 -0.057736
0.360233 -0.057438
0.375360 -0.057055
0.390611 -0.056588
0.405969 -0.056042
0.421421 -0.055420
0.436951 -0.054726
0.452544 -0.053964
0.468185 -0.053137
0.483858 -0.052249
0.499547 -0.051304
0.515238 -0.050306
0.530915 -0.049258
0.546562 -0.048165
0.562164 -0.047030
0.577706 -0.045857
0.593173 -0.044649
0.608548 -0.043411
0.623817 -0.042145
0.638966 -0.040854
0.653978 -0.039543
0.668840 -0.038215
0.683535 -0.036872
0.698051 -0.035518
0.712372 -0.034156
0.726485 -0.032788
0.740375 -0.031418
0.754028 -0.030049
0.767432 -0.028683
0.780573 -0.027322
0.793437 -0.025971
0.806012 -0.024630
0.818286 -0.023303
0.830246 -0.021993
0.841881 -0.020702
0.853179 -0.019432
0.864128 -0.018186
0.874718 -0.016967
0.884938 -0.015777
0.894778 -0.014618
0.904229 -0.013494
0.913280 -0.012405
0.921923 -0.011356
0.930150 -0.010347
0.937951 -0.009382
0.945319 -0.008463
0.952247 -0.007591
0.958728 -0.006769
0.964756 -0.005999
0.970323 -0.005283
0.975426 -0.004623
0.980058 -0.004020
0.984215 -0.003476
0.987892 -0.002993
0.991087 -0.002571
0.993796 -0.002212
0.996016 -0.001917
0.997745 -0.001687
0.998982 -0.001522
0.999724 -0.001423
1.000000 -0.001390
