r03000
1.000000 0.001280
0.999897 0.001342
0.999169 0.001528
0.997955 0.001838
0.996258 0.002271
0.994078 0.002825
0.991418 0.003500
0.988280 0.004292
0.984667 0.005200
0.980582 0.006222
0.976029 0.007355
0.971012 0.008595
0.965535 0.009940
0.959604 0.011385
0.953224 0.012928
0.946401 0.014563
0.939141 0.016287
0.931451 0.018096
0.923338 0.019984
0.914809 0.021947
0.905873 0.023981
0.896537 0.026080
0.886811 0.028239
0.876704 0.030453
0.866225 0.032718
0.855383 0.035027
0.844190 0.037375
0.832656 0.039758
0.820792 0.042169
0.808609 0.044603
0.796119 0.047056
0.783334 0.049521
0.770266 0.051993
0.756927 0.054466
0.743331 0.056936
0.729491 0.059397
0.715420 0.061844
0.701132 0.064271
0.686640 0.066673
0.671959 0.069044
0.657104 0.071380
0.642088 0.073676
0.626926 0.075926
0.611634 0.078124
0.596227 0.080267
0.580719 0.082349
0.565127 0.084365
0.549465 0.086311
0.533749 0.088181
0.517995 0.089971
0.502219 0.091676
0.486435 0.093292
0.470662 0.094816
0.454913 0.096242
0.439205 0.097566
0.423554 0.098786
0.407976 0.099898
0.392486 0.100898
0.377100 0.101783
0.361834 0.102550
0.346703 0.103198
0.331723 0.103723
0.316909 0.104124
0.302277 0.104400
0.287841 0.104548
0.273616 0.104569
0.259616 0.104462
0.245856 0.104227
0.232351 0.103863
0.219113 0.103372
0.206157 0.102754
0.192724 0.101962
0.178939 0.100737
0.165565 0.099066
0.152622 0.096981
0.140131 0.094516
0.128108 0.091705
0.116570 0.088583
0.105531 0.085185
0.095003 0.081544
0.084997 0.077697
0.075522 0.073676
0.066586 0.069514
0.058194 0.065245
0.050352 0.060898
0.043063 0.056504
0.036331 0.052090
0.030156 0.047685
0.024540 0.043312
0.019482 0.038995
0.014981 0.034757
0.011037 0.030616
0.007646 0.026591
0.004807 0.022697
0.002514 0.018948
0.000766 0.015356
-0.000444 0.011929
-0.001119 0.008677
-0.001267 0.005603
-0.000891 0.002710
0.000000 0.000000
0.001385 -0.002494
0.003240 -0.004741
0.005557 -0.006744
0.008329 -0.008511
0.011546 -0.010048
0.015198 -0.011364
0.019277 -0.012470
0.023770 -0.013376
0.028669 -0.014094
0.033962 -0.014639
0.039637 -0.015024
0.045684 -0.015265
0.052089 -0.015377
0.058842 -0.015378
0.065930 -0.015285
0.073341 -0.015115
0.081064 -0.014887
0.089086 -0.014620
0.097397 -0.014331
0.105986 -0.014041
0.114842 -0.013768
0.123955 -0.013532
0.133319 -0.013350
0.142923 -0.013243
0.152762 -0.013230
0.162831 -0.013328
0.173123 -0.013558
0.183637 -0.013939
0.194369 -0.014488
0.206058 -0.015194
0.218804 -0.015856
0.231823 -0.016439
0.245102 -0.016944
0.258630 -0.017375
0.272394 -0.017733
0.286380 -0.018021
0.300575 -0.018242
0.314966 -0.018398
0.329539 -0.018492
0.344280 -0.018529
0.359175 -0.018510
0.374210 -0.018439
0.389371 -0.018320
0.404643 -0.018156
0.420012 -0.017951
0.435462 -0.017708
0.450979 -0.017430
0.466548 -0.017122
0.482154 -0.016786
0.497781 -0.016425
0.513416 -0.016042
0.529042 -0.015641
0.544643 -0.015225
0.560206 -0.014796
0.575715 -0.014356
0.591154 -0.013908
0.606509 -0.013455
0.621764 -0.012998
0.636903 -0.012539
0.651913 -0.012079
0.666779 -0.011622
0.681485 -0.011167
0.696016 -0.010716
0.710359 -0.010270
0.724499 -0.009830
0.738422 -0.009398
0.752114 -0.008973
0.765561 -0.008556
0.778749 -0.008147
0.791666 -0.007748
0.804298 -0.007359
0.816632 -0.006979
0.828655 -0.006610
0.840357 -0.006251
0.851723 -0.005902
0.862744 -0.005564
0.873407 -0.005237
0.883702 -0.004922
0.893618 -0.004617
0.903144 -0.004324
0.912272 -0.004043
0.920990 -0.003773
0.929291 -0.003516
0.937166 -0.003271
0.944606 -0.003039
0.951603 -0.002820
0.958151 -0.002614
0.964241 -0.002422
0.969869 -0.002244
0.975028 -0.002080
0.979712 -0.001930
0.983916 -0.001795
0.987637 -0.001676
0.990869 -0.001572
0.993610 -0.001483
0.995857 -0.001410
0.997607 -0.001353
0.998858 -0.001312
0.999609 -0.001288
1.000000 -0.001280
