r03500
1.000000 0.000988
0.999870 0.001043
0.999139 0.001209
0.997922 0.001486
0.996220 0.001872
0.994034 0.002366
0.991366 0.002968
0.988219 0.003675
0.984595 0.004485
0.980499 0.005397
0.975934 0.006408
0.970903 0.007514
0.965412 0.008714
0.959466 0.010003
0.953070 0.011379
0.946230 0.012837
0.938953 0.014375
0.931245 0.015987
0.923114 0.017671
0.914568 0.019421
0.905613 0.021234
0.896259 0.023105
0.886515 0.025028
0.876390 0.027001
0.865893 0.029018
0.855035 0.031073
0.843826 0.033163
0.832276 0.035283
0.820397 0.037427
0.808199 0.039592
0.795696 0.041771
0.782898 0.043960
0.769818 0.046155
0.756470 0.048350
0.742865 0.050540
0.729017 0.052721
0.714939 0.054888
0.700645 0.057037
0.686150 0.059162
0.671467 0.061259
0.656610 0.063323
0.641595 0.065350
0.626436 0.067335
0.611147 0.069274
0.595745 0.071163
0.580244 0.072997
0.564659 0.074773
0.549007 0.076485
0.533302 0.078131
0.517560 0.079705
0.501797 0.081206
0.486029 0.082628
0.470271 0.083969
0.454539 0.085225
0.438849 0.086393
0.423218 0.087471
0.407659 0.088455
0.392190 0.089343
0.376825 0.090132
0.361581 0.090822
0.346473 0.091409
0.331516 0.091893
0.316725 0.092271
0.302115 0.092544
0.287702 0.092710
0.273500 0.092769
0.259522 0.092721
0.245785 0.092566
0.232301 0.092305
0.219084 0.091939
0.206147 0.091468
0.192880 0.090844
0.179385 0.089802
0.166283 0.088326
0.153593 0.086451
0.141334 0.084210
0.129521 0.081637
0.118170 0.078767
0.107293 0.075634
0.096904 0.072274
0.087012 0.068721
0.077625 0.065008
0.068753 0.061169
0.060401 0.057236
0.052574 0.053239
0.045277 0.049210
0.038514 0.045175
0.032287 0.041162
0.026597 0.037197
0.021446 0.033302
0.016833 0.029501
0.012759 0.025812
0.009223 0.022254
0.006223 0.018843
0.003757 0.015593
0.001823 0.012517
0.000417 0.009623
-0.000464 0.006920
-0.000824 0.004413
-0.000668 0.002106
0.000000 0.000000
0.001161 -0.001880
0.002797 -0.003509
0.004902 -0.004893
0.007469 -0.006037
0.010489 -0.006948
0.013956 -0.007637
0.017860 -0.008113
0.022194 -0.008389
0.026947 -0.008477
0.032110 -0.008393
0.037674 -0.008152
0.043627 -0.007770
0.049959 -0.007266
0.056659 -0.006657
0.063716 -0.005963
0.071119 -0.005204
0.078857 -0.004401
0.086919 -0.003574
0.095294 -0.002744
0.103971 -0.001934
0.112941 -0.001164
0.122193 -0.000456
0.131719 0.000168
0.141511 0.000685
0.151559 0.001076
0.161860 0.001317
0.172405 0.001388
0.183191 0.001267
0.194213 0.000933
0.206067 0.000400
0.218833 -0.000117
0.231873 -0.000580
0.245174 -0.000990
0.258724 -0.001350
0.272510 -0.001661
0.286519 -0.001926
0.300737 -0.002148
0.315151 -0.002328
0.329746 -0.002469
0.344510 -0.002575
0.359428 -0.002647
0.374485 -0.002689
0.389667 -0.002703
0.404960 -0.002692
0.420348 -0.002659
0.435817 -0.002606
0.451352 -0.002537
0.466939 -0.002453
0.482560 -0.002357
0.498203 -0.002252
0.513851 -0.002140
0.529489 -0.002023
0.545102 -0.001902
0.560674 -0.001781
0.576191 -0.001659
0.591636 -0.001540
0.606996 -0.001423
0.622254 -0.001311
0.637396 -0.001205
0.652407 -0.001104
0.667271 -0.001011
0.681975 -0.000925
0.696503 -0.000847
0.710840 -0.000777
0.724974 -0.000716
0.738889 -0.000663
0.752572 -0.000618
0.766008 -0.000581
0.779185 -0.000552
0.792089 -0.000530
0.804708 -0.000515
0.817027 -0.000507
0.829036 -0.000504
0.840721 -0.000508
0.852072 -0.000516
0.863075 -0.000528
0.873721 -0.000544
0.883998 -0.000564
0.893896 -0.000586
0.903404 -0.000610
0.912513 -0.000636
0.921214 -0.000663
0.929497 -0.000691
0.937354 -0.000719
0.944776 -0.000747
0.951757 -0.000774
0.958289 -0.000800
0.964365 -0.000826
0.969978 -0.000850
0.975123 -0.000873
0.979795 -0.000894
0.983988 -0.000913
0.987698 -0.000930
0.990921 -0.000945
0.993655 -0.000958
0.995895 -0.000969
0.997640 -0.000977
0.998888 -0.000983
0.999637 -0.000986
1.000000 -0.000988
