r04885
1.000000 0.000969
0.999866 0.001024
0.999135 0.001188
0.997918 0.001460
0.996215 0.001840
0.994028 0.002327
0.991359 0.002920
0.988211 0.003616
0.984586 0.004414
0.980488 0.005312
0.975921 0.006307
0.970889 0.007397
0.965396 0.008578
0.959448 0.009847
0.953050 0.011202
0.946208 0.012639
0.938929 0.014153
0.931219 0.015741
0.923085 0.017399
0.914536 0.019122
0.905580 0.020907
0.896224 0.022750
0.886477 0.024644
0.876350 0.026586
0.865851 0.028572
0.854990 0.030596
0.843779 0.032655
0.832227 0.034742
0.820345 0.036853
0.808146 0.038984
0.795641 0.041130
0.782842 0.043286
0.769761 0.045447
0.756410 0.047608
0.742804 0.049764
0.728955 0.051912
0.714877 0.054046
0.700582 0.056161
0.686086 0.058253
0.671403 0.060317
0.656546 0.062349
0.641531 0.064345
0.626372 0.066299
0.611084 0.068208
0.595683 0.070068
0.580182 0.071873
0.564599 0.073621
0.548947 0.075307
0.533244 0.076926
0.517504 0.078476
0.501742 0.079953
0.485976 0.081353
0.470220 0.082673
0.454491 0.083910
0.438803 0.085060
0.423174 0.086121
0.407618 0.087089
0.392151 0.087963
0.376790 0.088741
0.361548 0.089420
0.346443 0.089998
0.331489 0.090475
0.316701 0.090848
0.302094 0.091117
0.287684 0.091281
0.273484 0.091341
0.259510 0.091294
0.245775 0.091143
0.232294 0.090888
0.219080 0.090528
0.206146 0.090066
0.192900 0.089454
0.179443 0.088430
0.166376 0.086979
0.153719 0.085134
0.141489 0.082929
0.129702 0.080397
0.118374 0.077572
0.107517 0.074489
0.097144 0.071181
0.087265 0.067682
0.077888 0.064027
0.069022 0.060246
0.060673 0.056372
0.052847 0.052436
0.045548 0.048467
0.038779 0.044492
0.032544 0.040539
0.026844 0.036633
0.021680 0.032796
0.017053 0.029050
0.012963 0.025416
0.009409 0.021911
0.006390 0.018551
0.003903 0.015350
0.001946 0.012320
0.000517 0.009470
-0.000388 0.006809
-0.000773 0.004342
-0.000642 0.002072
0.000000 0.000000
0.001135 -0.001848
0.002746 -0.003448
0.004826 -0.004806
0.007368 -0.005927
0.010365 -0.006818
0.013810 -0.007489
0.017694 -0.007949
0.022008 -0.008211
0.026743 -0.008289
0.031890 -0.008195
0.037439 -0.007945
0.043380 -0.007557
0.049702 -0.007047
0.056394 -0.006434
0.063446 -0.005736
0.070847 -0.004974
0.078585 -0.004168
0.086650 -0.003338
0.095031 -0.002506
0.103718 -0.001692
0.112701 -0.000919
0.121970 -0.000207
0.131515 0.000420
0.141329 0.000943
0.151405 0.001339
0.161734 0.001587
0.172312 0.001666
0.183133 0.001553
0.194193 0.001228
0.206069 0.000706
0.218837 0.000198
0.231879 -0.000256
0.245183 -0.000659
0.258736 -0.001013
0.272525 -0.001319
0.286537 -0.001581
0.300758 -0.001799
0.315174 -0.001977
0.329773 -0.002118
0.344540 -0.002224
0.359460 -0.002297
0.374520 -0.002340
0.389705 -0.002357
0.405001 -0.002349
0.420392 -0.002320
0.435863 -0.002272
0.451401 -0.002208
0.466989 -0.002130
0.482613 -0.002040
0.498258 -0.001942
0.513907 -0.001836
0.529547 -0.001726
0.545161 -0.001613
0.560735 -0.001499
0.576252 -0.001386
0.591699 -0.001275
0.607059 -0.001167
0.622318 -0.001063
0.637460 -0.000965
0.652471 -0.000873
0.667335 -0.000788
0.682038 -0.000711
0.696565 -0.000641
0.710903 -0.000580
0.725035 -0.000527
0.738949 -0.000482
0.752631 -0.000445
0.766066 -0.000416
0.779242 -0.000395
0.792144 -0.000381
0.804761 -0.000374
0.817079 -0.000373
0.829085 -0.000378
0.840768 -0.000388
0.852117 -0.000403
0.863118 -0.000423
0.873761 -0.000445
0.884036 -0.000471
0.893931 -0.000500
0.903437 -0.000530
0.912544 -0.000561
0.921242 -0.000594
0.929523 -0.000627
0.937378 -0.000660
0.944798 -0.000692
0.951777 -0.000724
0.958307 -0.000755
0.964380 -0.000784
0.969992 -0.000812
0.975135 -0.000838
0.979805 -0.000862
0.983997 -0.000884
0.987706 -0.000904
0.990928 -0.000921
0.993660 -0.000935
0.995900 -0.000948
0.997644 -0.000957
0.998891 -0.000964
0.999640 -0.000968
1.000000 -0.000969
