r09361
1.000000 0.000839
0.999810 0.000879
0.999074 0.000996
0.997849 0.001192
0.996136 0.001465
0.993936 0.001815
0.991251 0.002240
0.988085 0.002740
0.984439 0.003313
0.980318 0.003958
0.975725 0.004672
0.970665 0.005455
0.965142 0.006303
0.959163 0.007215
0.952732 0.008188
0.945856 0.009219
0.938541 0.010306
0.930795 0.011447
0.922624 0.012638
0.914038 0.013876
0.905044 0.015158
0.895650 0.016482
0.885866 0.017843
0.875702 0.019240
0.865167 0.020667
0.854271 0.022123
0.843025 0.023604
0.831440 0.025106
0.819528 0.026627
0.807299 0.028162
0.794765 0.029708
0.781940 0.031262
0.768835 0.032821
0.755464 0.034381
0.741839 0.035939
0.727973 0.037491
0.713881 0.039034
0.699576 0.040565
0.685072 0.042080
0.670383 0.043576
0.655525 0.045050
0.640511 0.046499
0.625356 0.047918
0.610075 0.049306
0.594684 0.050658
0.579197 0.051972
0.563630 0.053245
0.547998 0.054473
0.532317 0.055653
0.516602 0.056783
0.500868 0.057860
0.485132 0.058880
0.469410 0.059841
0.453716 0.060741
0.438066 0.061576
0.422476 0.062345
0.406961 0.063045
0.391538 0.063674
0.376220 0.064230
0.361024 0.064711
0.345965 0.065116
0.331058 0.065443
0.316318 0.065691
0.301759 0.065858
0.287396 0.065945
0.273244 0.065949
0.259316 0.065872
0.245627 0.065712
0.232190 0.065471
0.219019 0.065147
0.206127 0.064742
0.193225 0.064230
0.180369 0.063466
0.167864 0.062442
0.155724 0.061176
0.143965 0.059686
0.132600 0.057989
0.121641 0.056105
0.111100 0.054052
0.100990 0.051849
0.091319 0.049514
0.082099 0.047067
0.073338 0.044526
0.065044 0.041908
0.057224 0.039233
0.049886 0.036516
0.043035 0.033775
0.036676 0.031025
0.030814 0.028281
0.025453 0.025558
0.020596 0.022869
0.016245 0.020226
0.012403 0.017641
0.009070 0.015123
0.006248 0.012683
0.003936 0.010326
0.002134 0.008061
0.000842 0.005892
0.000056 0.003824
-0.000223 0.001860
0.000000 0.000000
0.000717 -0.001730
0.001917 -0.003308
0.003597 -0.004736
0.005751 -0.006015
0.008376 -0.007149
0.011465 -0.008142
0.015013 -0.009001
0.019014 -0.009729
0.023461 -0.010335
0.028347 -0.010824
0.033666 -0.011206
0.039409 -0.011489
0.045569 -0.011682
0.052138 -0.011795
0.059107 -0.011838
0.066469 -0.011822
0.074214 -0.011759
0.082334 -0.011660
0.090820 -0.011537
0.099664 -0.011403
0.108855 -0.011271
0.118386 -0.011153
0.128248 -0.011062
0.138432 -0.011013
0.148928 -0.011019
0.159728 -0.011092
0.170824 -0.011248
0.182207 -0.011499
0.193868 -0.011859
0.206088 -0.012319
0.218898 -0.012751
0.231983 -0.013129
0.245332 -0.013456
0.258930 -0.013733
0.272766 -0.013960
0.286825 -0.014140
0.301093 -0.014275
0.315558 -0.014366
0.330204 -0.014415
0.345018 -0.014424
0.359984 -0.014396
0.375090 -0.014332
0.390319 -0.014234
0.405657 -0.014106
0.421090 -0.013948
0.436601 -0.013764
0.452176 -0.013556
0.467800 -0.013325
0.483457 -0.013075
0.499132 -0.012806
0.514809 -0.012522
0.530474 -0.012224
0.546111 -0.011914
0.561704 -0.011593
0.577238 -0.011264
0.592698 -0.010929
0.608068 -0.010588
0.623334 -0.010243
0.638480 -0.009895
0.653492 -0.009546
0.668354 -0.009197
0.683053 -0.008848
0.697572 -0.008501
0.711898 -0.008156
0.726017 -0.007815
0.739915 -0.007477
0.753578 -0.007143
0.766991 -0.006815
0.780143 -0.006492
0.793020 -0.006174
0.805608 -0.005863
0.817896 -0.005558
0.829872 -0.005260
0.841522 -0.004970
0.852836 -0.004686
0.863802 -0.004410
0.874409 -0.004143
0.884647 -0.003883
0.894505 -0.003632
0.903973 -0.003390
0.913043 -0.003156
0.921703 -0.002932
0.929947 -0.002718
0.937766 -0.002514
0.945151 -0.002320
0.952095 -0.002136
0.958592 -0.001963
0.964634 -0.001802
0.970216 -0.001652
0.975332 -0.001514
0.979976 -0.001388
0.984144 -0.001274
0.987832 -0.001174
0.991036 -0.001086
0.993752 -0.001011
0.995979 -0.000949
0.997713 -0.000901
0.998952 -0.000867
0.999697 -0.000846
1.000000 -0.000839
