r09733
1.000000 0.000794
0.999792 0.000828
0.999055 0.000928
0.997828 0.001096
0.996112 0.001330
0.993907 0.001629
0.991218 0.001993
0.988045 0.002421
0.984393 0.002912
0.980264 0.003464
0.975664 0.004076
0.970595 0.004745
0.965063 0.005472
0.959074 0.006252
0.952633 0.007085
0.945746 0.007968
0.938420 0.008899
0.930663 0.009876
0.922481 0.010896
0.913883 0.011956
0.904877 0.013055
0.895472 0.014188
0.885676 0.015355
0.875501 0.016552
0.864954 0.017775
0.854047 0.019023
0.842791 0.020293
0.831196 0.021581
0.819273 0.022886
0.807035 0.024203
0.794493 0.025530
0.781660 0.026865
0.768548 0.028204
0.755170 0.029544
0.741539 0.030884
0.727668 0.032218
0.713572 0.033546
0.699263 0.034864
0.684757 0.036169
0.670067 0.037458
0.655208 0.038729
0.640194 0.039978
0.625041 0.041203
0.609762 0.042401
0.594374 0.043569
0.578891 0.044704
0.563329 0.045804
0.547703 0.046866
0.532029 0.047886
0.516322 0.048863
0.500597 0.049794
0.484871 0.050676
0.469159 0.051507
0.453475 0.052284
0.437837 0.053005
0.422260 0.053668
0.406758 0.054271
0.391348 0.054810
0.376044 0.055286
0.360862 0.055695
0.345818 0.056036
0.330925 0.056309
0.316199 0.056510
0.301655 0.056640
0.287307 0.056698
0.273169 0.056682
0.259256 0.056593
0.245581 0.056429
0.232158 0.056191
0.219000 0.055879
0.206121 0.055494
0.193325 0.055016
0.180656 0.054342
0.168325 0.053466
0.156348 0.052402
0.144738 0.051161
0.133506 0.049758
0.122667 0.048204
0.112230 0.046514
0.102207 0.044702
0.092609 0.042782
0.083445 0.040766
0.074723 0.038669
0.066454 0.036504
0.058643 0.034284
0.051299 0.032022
0.044427 0.029730
0.038034 0.027420
0.032124 0.025105
0.026703 0.022793
0.021774 0.020497
0.017340 0.018224
0.013404 0.015984
0.009969 0.013785
0.007036 0.011633
0.004607 0.009534
0.002680 0.007495
0.001257 0.005519
0.000337 0.003610
-0.000082 0.001770
0.000000 0.000000
0.000575 -0.001676
0.001636 -0.003234
0.003181 -0.004677
0.005205 -0.006006
0.007705 -0.007222
0.010676 -0.008328
0.014114 -0.009328
0.018012 -0.010225
0.022366 -0.011024
0.027170 -0.011730
0.032417 -0.012347
0.038099 -0.012882
0.044212 -0.013342
0.050746 -0.013731
0.057695 -0.014059
0.065050 -0.014332
0.072804 -0.014559
0.080949 -0.014747
0.089475 -0.014905
0.098374 -0.015042
0.107638 -0.015167
0.117257 -0.015289
0.127222 -0.015419
0.137525 -0.015565
0.148156 -0.015738
0.159105 -0.015948
0.170363 -0.016204
0.181920 -0.016517
0.193768 -0.016896
0.206094 -0.017337
0.218917 -0.017742
0.232016 -0.018093
0.245378 -0.018393
0.258991 -0.018642
0.272840 -0.018841
0.286914 -0.018991
0.301197 -0.019094
0.315676 -0.019152
0.330337 -0.019167
0.345165 -0.019139
0.360147 -0.019072
0.375266 -0.018966
0.390509 -0.018825
0.405861 -0.018649
0.421306 -0.018442
0.436830 -0.018205
0.452416 -0.017940
0.468051 -0.017650
0.483718 -0.017336
0.499403 -0.017001
0.515089 -0.016647
0.530761 -0.016275
0.546405 -0.015888
0.562004 -0.015487
0.577543 -0.015074
0.593007 -0.014651
0.608381 -0.014219
0.623649 -0.013780
0.638797 -0.013336
0.653809 -0.012887
0.668671 -0.012435
0.683367 -0.011981
0.697884 -0.011526
0.712207 -0.011071
0.726322 -0.010618
0.740215 -0.010167
0.753872 -0.009719
0.767279 -0.009275
0.780423 -0.008835
0.793292 -0.008401
0.805872 -0.007972
0.818151 -0.007551
0.830116 -0.007136
0.841756 -0.006729
0.853059 -0.006331
0.864014 -0.005942
0.874610 -0.005563
0.884837 -0.005194
0.894683 -0.004835
0.904140 -0.004489
0.913198 -0.004154
0.921847 -0.003832
0.930079 -0.003523
0.937886 -0.003227
0.945261 -0.002946
0.952194 -0.002680
0.958681 -0.002430
0.964713 -0.002195
0.970286 -0.001978
0.975393 -0.001777
0.980029 -0.001593
0.984190 -0.001428
0.987871 -0.001281
0.991069 -0.001153
0.993781 -0.001044
0.996003 -0.000954
0.997734 -0.000884
0.998971 -0.000834
0.999714 -0.000804
1.000000 -0.000794
