r09913
1.000000 0.000764
0.999783 0.000795
0.999045 0.000885
0.997817 0.001036
0.996099 0.001247
0.993892 0.001517
0.991200 0.001846
0.988024 0.002232
0.984369 0.002674
0.980236 0.003172
0.975631 0.003724
0.970558 0.004328
0.965021 0.004983
0.959027 0.005687
0.952580 0.006438
0.945688 0.007235
0.938356 0.008074
0.930593 0.008955
0.922405 0.009875
0.913801 0.010832
0.904788 0.011823
0.895377 0.012846
0.885575 0.013899
0.875394 0.014979
0.864841 0.016083
0.853929 0.017210
0.842667 0.018356
0.831066 0.019520
0.819138 0.020698
0.806895 0.021888
0.794349 0.023087
0.781511 0.024294
0.768395 0.025504
0.755014 0.026716
0.741380 0.027928
0.727506 0.029136
0.713408 0.030338
0.699098 0.031531
0.684590 0.032713
0.669899 0.033881
0.655040 0.035033
0.640026 0.036166
0.624873 0.037277
0.609596 0.038363
0.594210 0.039423
0.578729 0.040454
0.563170 0.041453
0.547547 0.042417
0.531877 0.043344
0.516174 0.044232
0.500454 0.045077
0.484732 0.045879
0.469025 0.046633
0.453348 0.047339
0.437716 0.047993
0.422145 0.048593
0.406650 0.049139
0.391247 0.049626
0.375950 0.050055
0.360776 0.050422
0.345739 0.050727
0.330854 0.050968
0.316136 0.051143
0.301600 0.051252
0.287260 0.051293
0.273130 0.051266
0.259224 0.051171
0.245556 0.051006
0.232141 0.050772
0.218990 0.050468
0.206117 0.050095
0.193378 0.049639
0.180808 0.049018
0.168570 0.048227
0.156680 0.047278
0.145148 0.046179
0.133989 0.044941
0.123213 0.043575
0.112833 0.042092
0.102858 0.040502
0.093299 0.038817
0.084165 0.037047
0.075467 0.035203
0.067211 0.033296
0.059406 0.031338
0.052060 0.029337
0.045178 0.027304
0.038767 0.025250
0.032833 0.023182
0.027380 0.021111
0.022412 0.019044
0.017934 0.016989
0.013949 0.014954
0.010459 0.012944
0.007466 0.010966
0.004972 0.009025
0.002978 0.007125
0.001484 0.005270
0.000490 0.003463
-0.000004 0.001706
0.000000 0.000000
0.000498 -0.001632
0.001483 -0.003167
0.002954 -0.004606
0.004908 -0.005949
0.007340 -0.007200
0.010247 -0.008358
0.013624 -0.009427
0.017468 -0.010409
0.021772 -0.011308
0.026531 -0.012126
0.031740 -0.012868
0.037391 -0.013537
0.043478 -0.014140
0.049995 -0.014679
0.056934 -0.015162
0.064287 -0.015593
0.072047 -0.015979
0.080206 -0.016325
0.088754 -0.016638
0.097684 -0.016926
0.106987 -0.017194
0.116654 -0.017451
0.126676 -0.017703
0.137042 -0.017959
0.147745 -0.018225
0.158773 -0.018510
0.170118 -0.018822
0.181768 -0.019168
0.193715 -0.019557
0.206097 -0.019984
0.218927 -0.020372
0.232033 -0.020707
0.245402 -0.020990
0.259022 -0.021222
0.272880 -0.021404
0.286961 -0.021537
0.301252 -0.021623
0.315739 -0.021662
0.330408 -0.021657
0.345244 -0.021610
0.360233 -0.021521
0.375360 -0.021393
0.390610 -0.021228
0.405969 -0.021028
0.421421 -0.020795
0.436951 -0.020530
0.452544 -0.020236
0.468184 -0.019915
0.483857 -0.019568
0.499546 -0.019199
0.515237 -0.018808
0.530914 -0.018398
0.546561 -0.017971
0.562163 -0.017528
0.577705 -0.017072
0.593172 -0.016603
0.608547 -0.016124
0.623817 -0.015636
0.638965 -0.015141
0.653977 -0.014640
0.668839 -0.014134
0.683535 -0.013625
0.698050 -0.013114
0.712372 -0.012602
0.726484 -0.012090
0.740374 -0.011580
0.754028 -0.011071
0.767431 -0.010566
0.780572 -0.010065
0.793436 -0.009570
0.806012 -0.009080
0.818286 -0.008596
0.830246 -0.008120
0.841881 -0.007653
0.853178 -0.007194
0.864127 -0.006745
0.874717 -0.006307
0.884938 -0.005880
0.894778 -0.005465
0.904229 -0.005063
0.913280 -0.004675
0.921923 -0.004301
0.930149 -0.003942
0.937951 -0.003598
0.945319 -0.003272
0.952247 -0.002962
0.958728 -0.002671
0.964755 -0.002397
0.970323 -0.002144
0.975425 -0.001910
0.980057 -0.001696
0.984214 -0.001503
0.987892 -0.001332
0.991087 -0.001183
0.993796 -0.001056
0.996016 -0.000951
0.997745 -0.000870
0.998981 -0.000811
0.999724 -0.000776
1.000000 -0.000764
