r10000
1.000000 0.000748
0.999778 0.000777
0.999040 0.000862
0.997811 0.001005
0.996092 0.001204
0.993885 0.001458
0.991191 0.001768
0.988014 0.002132
0.984357 0.002550
0.980222 0.003019
0.975615 0.003540
0.970539 0.004110
0.965000 0.004727
0.959003 0.005391
0.952554 0.006100
0.945659 0.006852
0.938325 0.007644
0.930558 0.008475
0.922367 0.009343
0.913760 0.010245
0.904745 0.011180
0.895330 0.012146
0.885526 0.013139
0.875341 0.014158
0.864786 0.015201
0.853870 0.016264
0.842605 0.017346
0.831002 0.018445
0.819072 0.019557
0.806827 0.020681
0.794278 0.021813
0.781438 0.022953
0.768320 0.024097
0.754937 0.025242
0.741301 0.026387
0.727427 0.027529
0.713327 0.028665
0.699016 0.029793
0.684508 0.030911
0.669817 0.032016
0.654957 0.033106
0.639944 0.034178
0.624791 0.035229
0.609514 0.036258
0.594129 0.037262
0.578650 0.038238
0.563092 0.039184
0.547471 0.040097
0.531802 0.040976
0.516101 0.041817
0.500383 0.042618
0.484664 0.043377
0.468960 0.044092
0.453285 0.044760
0.437656 0.045379
0.422089 0.045947
0.406597 0.046463
0.391197 0.046923
0.375904 0.047327
0.360734 0.047673
0.345701 0.047959
0.330820 0.048183
0.316105 0.048345
0.301573 0.048442
0.287236 0.048476
0.273110 0.048443
0.259208 0.048345
0.245544 0.048179
0.232132 0.047947
0.218985 0.047648
0.206116 0.047283
0.193405 0.046838
0.180882 0.046244
0.168691 0.045498
0.156842 0.044607
0.145350 0.043582
0.134226 0.042429
0.123482 0.041160
0.113129 0.039782
0.103178 0.038307
0.093638 0.036742
0.084520 0.035099
0.075833 0.033385
0.067584 0.031612
0.059783 0.029788
0.052435 0.027923
0.045549 0.026025
0.039130 0.024102
0.033183 0.022164
0.027715 0.020217
0.022729 0.018270
0.018229 0.016329
0.014219 0.014401
0.010702 0.012491
0.007679 0.010605
0.005153 0.008748
0.003126 0.006922
0.001596 0.005132
0.000566 0.003381
0.000034 0.001670
0.000000 0.000000
0.000459 -0.001606
0.001407 -0.003125
0.002842 -0.004559
0.004760 -0.005908
0.007158 -0.007172
0.010034 -0.008355
0.013382 -0.009456
0.017198 -0.010479
0.021477 -0.011426
0.026215 -0.012300
0.031404 -0.013103
0.037040 -0.013840
0.043116 -0.014514
0.049624 -0.015129
0.056558 -0.015690
0.063911 -0.016201
0.071674 -0.016667
0.079839 -0.017094
0.088399 -0.017487
0.097345 -0.017851
0.106667 -0.018192
0.116358 -0.018517
0.126407 -0.018832
0.136805 -0.019144
0.147543 -0.019458
0.158611 -0.019781
0.169998 -0.020121
0.181694 -0.020484
0.193688 -0.020878
0.206099 -0.021297
0.218932 -0.021676
0.232041 -0.022002
0.245414 -0.022276
0.259038 -0.022499
0.272899 -0.022672
0.286984 -0.022797
0.301279 -0.022873
0.315770 -0.022903
0.330443 -0.022889
0.345282 -0.022831
0.360275 -0.022732
0.375406 -0.022593
0.390660 -0.022416
0.406022 -0.022204
0.421477 -0.021957
0.437010 -0.021679
0.452606 -0.021370
0.468250 -0.021034
0.483925 -0.020672
0.499617 -0.020285
0.515310 -0.019876
0.530989 -0.019448
0.546638 -0.019001
0.562242 -0.018537
0.577785 -0.018059
0.593252 -0.017568
0.608629 -0.017066
0.623899 -0.016554
0.639048 -0.016034
0.654060 -0.015507
0.668921 -0.014975
0.683617 -0.014438
0.698132 -0.013900
0.712452 -0.013359
0.726564 -0.012819
0.740452 -0.012279
0.754104 -0.011741
0.767506 -0.011206
0.780645 -0.010674
0.793507 -0.010148
0.806080 -0.009627
0.818352 -0.009113
0.830310 -0.008607
0.841942 -0.008109
0.853236 -0.007621
0.864183 -0.007142
0.874770 -0.006675
0.884987 -0.006219
0.894825 -0.005776
0.904272 -0.005347
0.913320 -0.004932
0.921961 -0.004532
0.930184 -0.004148
0.937982 -0.003781
0.945348 -0.003432
0.952273 -0.003100
0.958751 -0.002788
0.964776 -0.002496
0.970341 -0.002225
0.975441 -0.001974
0.980071 -0.001745
0.984226 -0.001539
0.987903 -0.001356
0.991096 -0.001196
0.993804 -0.001060
0.996023 -0.000948
0.997751 -0.000861
0.998986 -0.000798
0.999728 -0.000761
1.000000 -0.000748
