  
       XFOIL         Version 6.99
  
 Calculated polar for: r02000                                          
  
 1 1 Reynolds number fixed          Mach number fixed         
  
 xtrf =   1.000 (top)        1.000 (bottom)  
 Mach =   0.000     Re =     0.004 e 6     Ncrit =   9.000
  
   alpha    CL        CD       CDp       CM     Top_Xtr  Bot_Xtr
  ------ -------- --------- --------- -------- -------- --------
  -8.000  -0.2055   0.09818   0.06598  -0.0224   1.0000   1.0000
  -7.500  -0.1951   0.09318   0.06077  -0.0247   1.0000   1.0000
  -7.000  -0.1853   0.08844   0.05576  -0.0267   1.0000   1.0000
  -6.500  -0.1755   0.08405   0.05110  -0.0284   1.0000   1.0000
  -6.000  -0.1653   0.08007   0.04681  -0.0295   1.0000   1.0000
  -5.500  -0.1544   0.07654   0.04295  -0.0301   1.0000   1.0000
  -5.000  -0.1427   0.07346   0.03952  -0.0300   1.0000   1.0000
  -4.500  -0.1303   0.07082   0.03655  -0.0293   1.0000   1.0000
  -4.000  -0.1174   0.06859   0.03399  -0.0279   1.0000   1.0000
  -3.500  -0.1042   0.06673   0.03186  -0.0259   1.0000   1.0000
  -3.000  -0.0909   0.06522   0.03009  -0.0233   1.0000   1.0000
  -2.500  -0.0775   0.06403   0.02863  -0.0203   1.0000   1.0000
  -2.000  -0.0641   0.06314   0.02750  -0.0169   1.0000   1.0000
  -1.500  -0.0503   0.06252   0.02665  -0.0132   1.0000   1.0000
  -1.000  -0.0357   0.06217   0.02605  -0.0095   1.0000   1.0000
  -0.500  -0.0205   0.06207   0.02573  -0.0059   1.0000   1.0000
   0.000  -0.0050   0.06222   0.02566  -0.0022   1.0000   1.0000
   0.500   0.0112   0.06262   0.02587   0.0013   1.0000   1.0000
   1.000   0.0281   0.06328   0.02636   0.0045   1.0000   1.0000
   1.500   0.0456   0.06420   0.02714   0.0073   1.0000   1.0000
   2.000   0.0636   0.06539   0.02824   0.0097   1.0000   1.0000
   2.500   0.0819   0.06687   0.02967   0.0117   1.0000   1.0000
   3.000   0.1002   0.06865   0.03143   0.0133   1.0000   1.0000
   3.500   0.1185   0.07074   0.03355   0.0144   1.0000   1.0000
   4.000   0.1366   0.07314   0.03601   0.0150   1.0000   1.0000
   4.500   0.1544   0.07585   0.03883   0.0152   1.0000   1.0000
   5.000   0.1720   0.07887   0.04198   0.0150   1.0000   1.0000
   5.500   0.1894   0.08218   0.04545   0.0145   1.0000   1.0000
   6.000   0.2066   0.08578   0.04925   0.0136   1.0000   1.0000
   6.500   0.2237   0.08965   0.05332   0.0125   1.0000   1.0000
   7.000   0.2406   0.09377   0.05768   0.0111   1.0000   1.0000
   7.500   0.2575   0.09814   0.06232   0.0094   1.0000   1.0000
   8.000   0.2744   0.10272   0.06716   0.0076   1.0000   1.0000
   8.500   0.2911   0.10749   0.07225   0.0055   1.0000   1.0000
   9.000   0.3079   0.11244   0.07748   0.0033   1.0000   1.0000
   9.500   0.3246   0.11755   0.08289   0.0010   1.0000   1.0000
  10.000   0.3414   0.12280   0.08846  -0.0016   1.0000   1.0000
  10.500   0.3583   0.12817   0.09413  -0.0042   1.0000   1.0000
  11.000   0.3754   0.13364   0.09989  -0.0070   1.0000   1.0000
  11.500   0.3926   0.13921   0.10574  -0.0100   1.0000   1.0000
  12.000   0.4101   0.14486   0.11170  -0.0131   1.0000   1.0000
