  
       XFOIL         Version 6.99
  
 Calculated polar for: r03000                                          
  
 1 1 Reynolds number fixed          Mach number fixed         
  
 xtrf =   1.000 (top)        1.000 (bottom)  
 Mach =   0.000     Re =     0.009 e 6     Ncrit =   9.000
  
   alpha    CL        CD       CDp       CM     Top_Xtr  Bot_Xtr
  ------ -------- --------- --------- -------- -------- --------
  -8.000  -0.0542   0.09436   0.07740  -0.0215   1.0000   0.9602
  -7.500  -0.1135   0.09743   0.08100  -0.0084   1.0000   0.8706
  -7.000  -0.1440   0.09622   0.08021  -0.0032   1.0000   0.8050
  -6.500  -0.1708   0.09411   0.07854   0.0008   1.0000   0.7568
  -6.000  -0.1949   0.09123   0.07612   0.0044   1.0000   0.7213
  -5.500  -0.2234   0.08821   0.07363   0.0088   1.0000   0.6938
  -5.000  -0.2596   0.08525   0.07121   0.0144   1.0000   0.6720
  -4.500  -0.2924   0.08159   0.06805   0.0190   1.0000   0.6548
  -4.000  -0.3085   0.07696   0.06379   0.0213   1.0000   0.6444
  -3.500  -0.3284   0.07232   0.05942   0.0228   1.0000   0.6365
  -3.000  -0.3256   0.06709   0.05428   0.0215   1.0000   0.6377
  -2.500  -0.3029   0.06189   0.04904   0.0189   1.0000   0.6518
  -2.000  -0.2666   0.05715   0.04426   0.0159   1.0000   0.6857
  -1.500  -0.2182   0.05290   0.04017   0.0133   1.0000   0.7576
  -1.000  -0.0784   0.04708   0.03397  -0.0175   1.0000   1.0000
  -0.500  -0.0063   0.04814   0.03156  -0.0287   1.0000   1.0000
   0.000   0.0307   0.05001   0.03172  -0.0287   1.0000   1.0000
   0.500   0.0606   0.05220   0.03270  -0.0282   1.0000   1.0000
   1.000   0.0870   0.05475   0.03434  -0.0281   1.0000   1.0000
   1.500   0.1115   0.05768   0.03652  -0.0284   1.0000   1.0000
   2.000   0.1346   0.06096   0.03919  -0.0292   1.0000   1.0000
   2.500   0.1571   0.06454   0.04224  -0.0302   1.0000   1.0000
   3.000   0.1795   0.06834   0.04556  -0.0313   1.0000   1.0000
   3.500   0.2021   0.07233   0.04913  -0.0326   1.0000   1.0000
   4.000   0.2250   0.07646   0.05288  -0.0340   1.0000   1.0000
   4.500   0.2481   0.08072   0.05681  -0.0354   1.0000   1.0000
   5.000   0.2715   0.08510   0.06090  -0.0368   1.0000   1.0000
   5.500   0.2949   0.08959   0.06514  -0.0382   1.0000   1.0000
   6.000   0.3184   0.09419   0.06954  -0.0397   1.0000   1.0000
   6.500   0.3419   0.09890   0.07407  -0.0412   1.0000   1.0000
   7.000   0.3652   0.10370   0.07875  -0.0428   1.0000   1.0000
   7.500   0.3884   0.10860   0.08357  -0.0444   1.0000   1.0000
   8.000   0.4114   0.11359   0.08851  -0.0460   1.0000   1.0000
   8.500   0.4342   0.11867   0.09357  -0.0478   1.0000   1.0000
   9.000   0.4568   0.12385   0.09877  -0.0496   1.0000   1.0000
   9.500   0.4793   0.12910   0.10408  -0.0515   1.0000   1.0000
  10.000   0.5015   0.13444   0.10952  -0.0535   1.0000   1.0000
  10.500   0.5235   0.13987   0.11505  -0.0556   1.0000   1.0000
  11.000   0.5454   0.14538   0.12069  -0.0579   1.0000   1.0000
  11.500   0.5670   0.15099   0.12649  -0.0602   1.0000   1.0000
  12.000   0.5885   0.15669   0.13237  -0.0627   1.0000   1.0000
