  
       XFOIL         Version 6.99
  
 Calculated polar for: r07443                                          
  
 1 1 Reynolds number fixed          Mach number fixed         
  
 xtrf =   1.000 (top)        1.000 (bottom)  
 Mach =   0.000     Re =     0.033 e 6     Ncrit =   9.000
  
   alpha    CL        CD       CDp       CM     Top_Xtr  Bot_Xtr
  ------ -------- --------- --------- -------- -------- --------
  -8.000  -0.3519   0.10684   0.09900  -0.0131   1.0000   0.2594
  -7.500  -0.3388   0.10010   0.09243  -0.0102   1.0000   0.3000
  -7.000  -0.3439   0.09577   0.08835  -0.0057   1.0000   0.3516
  -6.500  -0.3025   0.08738   0.08002   0.0037   1.0000   0.4877
  -6.000   0.0017   0.05667   0.04847  -0.0229   1.0000   1.0000
  -5.500   0.0224   0.05236   0.04430  -0.0246   1.0000   1.0000
  -5.000   0.0424   0.04835   0.04043  -0.0260   1.0000   1.0000
  -4.500   0.0134   0.04804   0.04043  -0.0161   1.0000   0.9734
  -4.000  -0.0816   0.05121   0.04417   0.0057   1.0000   0.8914
  -3.500  -0.1641   0.05206   0.04559   0.0213   1.0000   0.8226
  -3.000  -0.2497   0.05213   0.04618   0.0374   1.0000   0.7877
  -2.500  -0.3187   0.05048   0.04496   0.0446   1.0000   0.7324
  -2.000  -0.0965   0.04037   0.03230  -0.0395   1.0000   0.3293
  -1.500  -0.0187   0.03738   0.02809  -0.0462   1.0000   0.2701
  -1.000   0.0415   0.03576   0.02553  -0.0484   1.0000   0.2393
  -0.500   0.0920   0.03503   0.02404  -0.0492   1.0000   0.2343
   0.000   0.1356   0.03519   0.02369  -0.0497   1.0000   0.2344
   0.500   0.2743   0.03483   0.02314  -0.0660   0.9512   0.2786
   1.000   0.4195   0.03281   0.02258  -0.0791   0.8706   1.0000
   1.500   0.5427   0.03265   0.02129  -0.0863   0.7938   1.0000
   2.000   0.6231   0.03275   0.02082  -0.0868   0.7331   1.0000
   2.500   0.6790   0.03406   0.02176  -0.0854   0.6845   1.0000
   3.000   0.7273   0.03630   0.02377  -0.0843   0.6488   1.0000
   3.500   0.7706   0.03921   0.02654  -0.0835   0.6215   1.0000
   4.000   0.8098   0.04272   0.03002  -0.0830   0.6001   1.0000
   4.500   0.8386   0.04752   0.03484  -0.0828   0.5838   1.0000
   5.000   0.8373   0.05526   0.04267  -0.0830   0.5712   1.0000
   5.500   0.8353   0.06353   0.05102  -0.0840   0.5655   1.0000
   6.000   0.8139   0.07307   0.06055  -0.0850   0.5655   1.0000
   6.500   0.7899   0.08299   0.07049  -0.0872   0.5807   1.0000
   7.500   0.6528   0.10337   0.09100  -0.0934   0.8101   1.0000
   8.000   0.6729   0.10850   0.09618  -0.0932   0.7845   1.0000
   8.500   0.7025   0.11490   0.10269  -0.0947   0.7605   1.0000
   9.000   0.7367   0.12182   0.10974  -0.0965   0.7337   1.0000
   9.500   0.7529   0.12691   0.11499  -0.0959   0.7057   1.0000
  10.000   0.7700   0.13250   0.12071  -0.0957   0.6792   1.0000
  10.500   0.7925   0.13894   0.12732  -0.0963   0.6534   1.0000
  11.000   0.8259   0.14704   0.13568  -0.0981   0.6272   1.0000
  11.500   0.8373   0.15208   0.14091  -0.0976   0.5996   1.0000
  12.000   0.8506   0.15777   0.14680  -0.0976   0.5722   1.0000
