  
       XFOIL         Version 6.99
  
 Calculated polar for: r08721                                          
  
 1 1 Reynolds number fixed          Mach number fixed         
  
 xtrf =   1.000 (top)        1.000 (bottom)  
 Mach =   0.000     Re =     0.039 e 6     Ncrit =   9.000
  
   alpha    CL        CD       CDp       CM     Top_Xtr  Bot_Xtr
  ------ -------- --------- --------- -------- -------- --------
  -8.000  -0.4151   0.10543   0.09807  -0.0105   1.0000   0.2319
  -7.500  -0.3954   0.09777   0.09050  -0.0072   1.0000   0.2733
  -7.000  -0.3946   0.09255   0.08549  -0.0042   1.0000   0.3199
  -6.500  -0.3790   0.08641   0.07950   0.0023   1.0000   0.3945
  -6.000  -0.3090   0.07718   0.07017   0.0142   1.0000   0.5852
  -5.500  -0.0289   0.05103   0.04330  -0.0166   1.0000   1.0000
  -5.000  -0.0063   0.04655   0.03893  -0.0188   1.0000   1.0000
  -4.500  -0.0864   0.04960   0.04240   0.0019   1.0000   0.9283
  -4.000  -0.1907   0.05207   0.04546   0.0197   1.0000   0.8069
  -3.500  -0.2855   0.05214   0.04615   0.0338   1.0000   0.7319
  -2.500  -0.1368   0.03603   0.02707  -0.0381   1.0000   0.2398
  -2.000  -0.0722   0.03305   0.02282  -0.0393   1.0000   0.2024
  -1.500  -0.0176   0.03034   0.01945  -0.0392   1.0000   0.2005
  -1.000   0.0370   0.02839   0.01694  -0.0388   1.0000   0.2081
  -0.500   0.0894   0.02707   0.01535  -0.0383   1.0000   0.2277
   0.000   0.1390   0.02614   0.01462  -0.0388   1.0000   0.2742
   0.500   0.1696   0.02448   0.01521  -0.0364   1.0000   1.0000
   1.000   0.3063   0.02708   0.01640  -0.0533   0.9454   1.0000
   1.500   0.4520   0.02766   0.01654  -0.0688   0.8620   1.0000
   2.000   0.5582   0.02692   0.01559  -0.0734   0.7846   1.0000
   2.500   0.6291   0.02684   0.01526  -0.0721   0.7181   1.0000
   3.000   0.6848   0.02775   0.01591  -0.0699   0.6651   1.0000
   3.500   0.7350   0.02950   0.01756  -0.0684   0.6254   1.0000
   4.000   0.7828   0.03170   0.01975  -0.0674   0.5949   1.0000
   4.500   0.8307   0.03414   0.02226  -0.0666   0.5715   1.0000
   5.000   0.8672   0.03794   0.02632  -0.0663   0.5510   1.0000
   5.500   0.9013   0.04216   0.03082  -0.0660   0.5338   1.0000
   6.000   0.9221   0.04808   0.03705  -0.0661   0.5197   1.0000
   6.500   0.9255   0.05602   0.04524  -0.0669   0.5082   1.0000
   7.000   0.9396   0.06319   0.05263  -0.0675   0.4984   1.0000
   8.000   0.8373   0.09071   0.08010  -0.0767   0.5294   1.0000
   9.000   0.7467   0.11277   0.10222  -0.0873   0.6779   1.0000
   9.500   0.7698   0.11932   0.10897  -0.0875   0.6480   1.0000
  10.000   0.7904   0.12603   0.11589  -0.0875   0.6166   1.0000
  10.500   0.7976   0.13142   0.12149  -0.0861   0.5825   1.0000
  11.000   0.8169   0.13829   0.12861  -0.0860   0.5479   1.0000
  11.500   0.8430   0.14670   0.13729  -0.0864   0.5126   1.0000
  12.000   0.8483   0.15254   0.14332  -0.0856   0.4742   1.0000
