  
       XFOIL         Version 6.99
  
 Calculated polar for: r09361                                          
  
 1 1 Reynolds number fixed          Mach number fixed         
  
 xtrf =   1.000 (top)        1.000 (bottom)  
 Mach =   0.000     Re =     0.042 e 6     Ncrit =   9.000
  
   alpha    CL        CD       CDp       CM     Top_Xtr  Bot_Xtr
  ------ -------- --------- --------- -------- -------- --------
  -8.000  -0.4779   0.10400   0.09679   0.0001   1.0000   0.2637
  -7.500  -0.4613   0.09680   0.08970   0.0029   1.0000   0.3063
  -7.000  -0.4480   0.09055   0.08357   0.0071   1.0000   0.3647
  -6.500  -0.4081   0.08320   0.07621   0.0162   1.0000   0.4792
  -6.000  -0.3373   0.07430   0.06722   0.0260   1.0000   0.6720
  -5.500  -0.0922   0.05056   0.04286  -0.0065   1.0000   1.0000
  -5.000  -0.1403   0.05134   0.04393   0.0073   1.0000   0.9487
  -4.500  -0.2726   0.05561   0.04881   0.0261   1.0000   0.7567
  -4.000  -0.3692   0.04965   0.04314  -0.0065   1.0000   0.4240
  -3.500  -0.2532   0.03769   0.02851  -0.0337   1.0000   0.2051
  -3.000  -0.1954   0.03298   0.02264  -0.0334   1.0000   0.1770
  -2.500  -0.1427   0.02907   0.01805  -0.0324   1.0000   0.1799
  -2.000  -0.0892   0.02617   0.01451  -0.0309   1.0000   0.1919
  -1.500  -0.0332   0.02352   0.01164  -0.0297   1.0000   0.2208
  -1.000   0.0193   0.02088   0.00968  -0.0290   1.0000   0.3075
  -0.500   0.0662   0.01860   0.00880  -0.0250   1.0000   1.0000
   0.000   0.1073   0.01931   0.00884  -0.0239   1.0000   1.0000
   0.500   0.1464   0.02030   0.00943  -0.0234   1.0000   1.0000
   1.000   0.1826   0.02170   0.01060  -0.0235   1.0000   1.0000
   1.500   0.2658   0.02395   0.01270  -0.0335   0.9744   1.0000
   2.000   0.4294   0.02502   0.01386  -0.0541   0.8883   1.0000
   2.500   0.5431   0.02444   0.01344  -0.0607   0.8035   1.0000
   3.000   0.6126   0.02437   0.01328  -0.0589   0.7282   1.0000
   3.500   0.6670   0.02525   0.01406  -0.0561   0.6685   1.0000
   4.000   0.7182   0.02673   0.01547  -0.0541   0.6233   1.0000
   4.500   0.7653   0.02891   0.01784  -0.0529   0.5865   1.0000
   5.000   0.8119   0.03136   0.02051  -0.0519   0.5572   1.0000
   5.500   0.8568   0.03418   0.02367  -0.0509   0.5316   1.0000
   6.000   0.9012   0.03713   0.02694  -0.0497   0.5074   1.0000
   6.500   0.9347   0.04139   0.03176  -0.0487   0.4821   1.0000
   7.000   0.9666   0.04571   0.03655  -0.0470   0.4548   1.0000
   7.500   1.0102   0.04791   0.03910  -0.0432   0.4182   1.0000
   8.000   1.0533   0.04780   0.03931  -0.0368   0.3577   1.0000
   8.500   1.0994   0.04479   0.03595  -0.0281   0.2550   1.0000
   9.000   1.1271   0.04594   0.03677  -0.0217   0.1778   1.0000
   9.500   1.1468   0.05125   0.04237  -0.0176   0.1465   1.0000
  10.000   1.1497   0.05884   0.05058  -0.0141   0.1311   1.0000
  10.500   1.1532   0.06714   0.05920  -0.0114   0.1231   1.0000
  11.000   1.1118   0.07800   0.07060  -0.0098   0.1236   1.0000
  11.500   0.9186   0.12215   0.11449  -0.0426   0.1744   1.0000
  12.000   0.9011   0.13605   0.12829  -0.0486   0.1750   1.0000
