  
       XFOIL         Version 6.99
  
 Calculated polar for: r10000                                          
  
 1 1 Reynolds number fixed          Mach number fixed         
  
 xtrf =   1.000 (top)        1.000 (bottom)  
 Mach =   0.000     Re =     0.029 e 6     Ncrit =   9.000
  
   alpha    CL        CD       CDp       CM     Top_Xtr  Bot_Xtr
  ------ -------- --------- --------- -------- -------- --------
  -8.000  -0.4637   0.10044   0.09128   0.0466   1.0000   0.7280
  -7.000  -0.3545   0.07906   0.06972   0.0368   1.0000   0.9008
  -6.000  -0.5300   0.07653   0.06822   0.0244   1.0000   0.4567
  -5.500  -0.5160   0.06003   0.05114  -0.0129   1.0000   0.2685
  -5.000  -0.4705   0.04955   0.03959  -0.0215   1.0000   0.2269
  -4.500  -0.4194   0.04162   0.03060  -0.0237   1.0000   0.2111
  -4.000  -0.3668   0.03554   0.02363  -0.0236   1.0000   0.2213
  -3.500  -0.3078   0.03060   0.01765  -0.0230   1.0000   0.2438
  -3.000  -0.2491   0.02623   0.01318  -0.0216   1.0000   0.3055
  -2.500  -0.1375   0.01998   0.00874  -0.0234   1.0000   1.0000
  -2.000  -0.0999   0.01969   0.00743  -0.0206   1.0000   1.0000
  -1.500  -0.0617   0.01954   0.00658  -0.0180   1.0000   1.0000
  -1.000  -0.0223   0.01949   0.00599  -0.0156   1.0000   1.0000
  -0.500   0.0180   0.01956   0.00568  -0.0134   1.0000   1.0000
   0.000   0.0588   0.01973   0.00558  -0.0115   1.0000   1.0000
   0.500   0.0996   0.02004   0.00573  -0.0098   1.0000   1.0000
   1.000   0.1400   0.02050   0.00615  -0.0084   1.0000   1.0000
   1.500   0.1794   0.02118   0.00686  -0.0072   1.0000   1.0000
   2.000   0.2168   0.02215   0.00795  -0.0065   1.0000   1.0000
   2.500   0.2508   0.02358   0.00961  -0.0065   1.0000   1.0000
   3.000   0.2792   0.02579   0.01206  -0.0077   1.0000   1.0000
   3.500   0.3399   0.02971   0.01647  -0.0182   0.9768   1.0000
   4.000   0.5543   0.03334   0.02160  -0.0485   0.8269   1.0000
   4.500   0.6406   0.03482   0.02385  -0.0495   0.7331   1.0000
   5.000   0.6996   0.03619   0.02585  -0.0441   0.6480   1.0000
   5.500   0.7448   0.03665   0.02659  -0.0327   0.5384   1.0000
   6.000   0.7773   0.03746   0.02678  -0.0177   0.3725   1.0000
   6.500   0.8121   0.04257   0.03148  -0.0111   0.2604   1.0000
   7.000   0.8453   0.04994   0.03944  -0.0086   0.2170   1.0000
   7.500   0.8634   0.05916   0.04952  -0.0081   0.1969   1.0000
   8.500   0.8474   0.08418   0.07540  -0.0157   0.2029   1.0000
   9.000   0.8140   0.09907   0.09023  -0.0263   0.2202   1.0000
   9.500   0.7059   0.12258   0.11310  -0.0653   0.5064   1.0000
  10.000   0.7188   0.13178   0.12239  -0.0663   0.4891   1.0000
  10.500   0.7258   0.13942   0.13001  -0.0656   0.4553   1.0000
  11.000   0.7392   0.14803   0.13864  -0.0658   0.4284   1.0000
  11.500   0.7517   0.15627   0.14690  -0.0663   0.4039   1.0000
  12.000   0.7563   0.16298   0.15358  -0.0667   0.3791   1.0000
