r07443
1.000000 0.000905
0.999855 0.000957
0.999124 0.001112
0.997905 0.001371
0.996200 0.001733
0.994010 0.002196
0.991338 0.002760
0.988187 0.003422
0.984558 0.004182
0.980456 0.005036
0.975883 0.005982
0.970846 0.007019
0.965347 0.008142
0.959393 0.009350
0.952989 0.010639
0.946140 0.012005
0.938854 0.013445
0.931137 0.014956
0.922997 0.016533
0.914441 0.018172
0.905476 0.019870
0.896113 0.021622
0.886360 0.023424
0.876225 0.025271
0.865719 0.027159
0.854852 0.029084
0.843634 0.031041
0.832075 0.033026
0.820188 0.035033
0.807983 0.037059
0.795473 0.039099
0.782668 0.041148
0.769583 0.043202
0.756228 0.045256
0.742618 0.047306
0.728766 0.049346
0.714685 0.051374
0.700389 0.053384
0.685891 0.055371
0.671207 0.057332
0.656350 0.059262
0.641335 0.061158
0.626177 0.063014
0.610890 0.064827
0.595490 0.066592
0.579993 0.068307
0.564412 0.069966
0.548765 0.071566
0.533065 0.073104
0.517330 0.074576
0.501574 0.075978
0.485814 0.077307
0.470064 0.078560
0.454342 0.079734
0.438661 0.080826
0.423040 0.081833
0.407492 0.082753
0.392033 0.083584
0.376680 0.084323
0.361448 0.084969
0.346351 0.085521
0.331406 0.085975
0.316627 0.086332
0.302030 0.086591
0.287629 0.086751
0.273438 0.086812
0.259473 0.086774
0.245747 0.086636
0.232274 0.086400
0.219068 0.086067
0.206142 0.085636
0.192963 0.085064
0.179621 0.084098
0.166662 0.082724
0.154105 0.080975
0.141965 0.078880
0.130260 0.076473
0.119003 0.073785
0.108207 0.070850
0.097885 0.067701
0.088046 0.064368
0.078700 0.060885
0.069855 0.057282
0.061517 0.053589
0.053693 0.049837
0.046387 0.046052
0.039603 0.042263
0.033344 0.038495
0.027613 0.034771
0.022412 0.031115
0.017741 0.027547
0.013600 0.024086
0.009991 0.020751
0.006911 0.017555
0.004359 0.014513
0.002333 0.011637
0.000832 0.008936
-0.000148 0.006417
-0.000611 0.004086
-0.000560 0.001947
0.000000 0.000000
0.001054 -0.001730
0.002584 -0.003221
0.004587 -0.004477
0.007053 -0.005504
0.009978 -0.006309
0.013354 -0.006900
0.017173 -0.007288
0.021426 -0.007484
0.026106 -0.007500
0.031203 -0.007351
0.036707 -0.007050
0.042610 -0.006615
0.048901 -0.006061
0.055570 -0.005408
0.062607 -0.004673
0.070001 -0.003875
0.077741 -0.003035
0.085817 -0.002173
0.094219 -0.001309
0.102937 -0.000464
0.111960 0.000340
0.121279 0.001083
0.130886 0.001742
0.140772 0.002296
0.150928 0.002724
0.161348 0.003005
0.172026 0.003118
0.182955 0.003040
0.194130 0.002752
0.206072 0.002266
0.218849 0.001791
0.231899 0.001366
0.245212 0.000987
0.258773 0.000654
0.272571 0.000363
0.286592 0.000114
0.300822 -0.000097
0.315248 -0.000271
0.329856 -0.000412
0.344632 -0.000521
0.359561 -0.000601
0.374630 -0.000654
0.389823 -0.000684
0.405127 -0.000692
0.420526 -0.000682
0.436005 -0.000655
0.451550 -0.000615
0.467145 -0.000562
0.482775 -0.000501
0.498426 -0.000432
0.514081 -0.000358
0.529725 -0.000281
0.545344 -0.000203
0.560921 -0.000125
0.576442 -0.000048
0.591891 0.000026
0.607253 0.000095
0.622513 0.000160
0.637656 0.000218
0.652667 0.000270
0.667531 0.000315
0.682233 0.000352
0.696759 0.000381
0.711094 0.000401
0.725224 0.000414
0.739135 0.000419
0.752813 0.000416
0.766244 0.000405
0.779415 0.000387
0.792313 0.000362
0.804924 0.000331
0.817236 0.000294
0.829236 0.000252
0.840913 0.000205
0.852255 0.000154
0.863249 0.000100
0.873886 0.000044
0.884154 -0.000015
0.894042 -0.000075
0.903541 -0.000136
0.912640 -0.000198
0.921331 -0.000259
0.929605 -0.000320
0.937453 -0.000379
0.944866 -0.000436
0.951838 -0.000492
0.958362 -0.000545
0.964429 -0.000595
0.970035 -0.000642
0.975173 -0.000686
0.979838 -0.000727
0.984025 -0.000763
0.987730 -0.000796
0.990949 -0.000824
0.993678 -0.000849
0.995915 -0.000869
0.997657 -0.000884
0.998903 -0.000896
0.999651 -0.000902
1.000000 -0.000905
