r08721
1.000000 0.000880
0.999833 0.000926
0.999099 0.001063
0.997877 0.001292
0.996168 0.001612
0.993974 0.002021
0.991295 0.002519
0.988136 0.003104
0.984499 0.003775
0.980388 0.004529
0.975805 0.005365
0.970756 0.006281
0.965246 0.007274
0.959279 0.008341
0.952862 0.009479
0.946000 0.010686
0.938700 0.011959
0.930968 0.013293
0.922813 0.014687
0.914242 0.016135
0.905263 0.017635
0.895885 0.019184
0.886116 0.020776
0.875967 0.022409
0.865447 0.024078
0.854565 0.025780
0.843333 0.027511
0.831762 0.029266
0.819862 0.031042
0.807645 0.032834
0.795124 0.034639
0.782309 0.036453
0.769214 0.038272
0.755851 0.040091
0.742233 0.041907
0.728375 0.043716
0.714288 0.045513
0.699987 0.047295
0.685487 0.049059
0.670800 0.050799
0.655942 0.052513
0.640928 0.054196
0.625771 0.055845
0.610488 0.057456
0.595092 0.059026
0.579600 0.060550
0.564026 0.062026
0.548386 0.063450
0.532695 0.064818
0.516970 0.066128
0.501225 0.067375
0.485477 0.068558
0.469741 0.069673
0.454032 0.070716
0.438367 0.071687
0.422761 0.072581
0.407230 0.073396
0.391788 0.074131
0.376453 0.074783
0.361239 0.075350
0.346161 0.075831
0.331234 0.076224
0.316474 0.076529
0.301896 0.076743
0.287514 0.076867
0.273342 0.076899
0.259395 0.076840
0.245687 0.076690
0.232232 0.076449
0.219044 0.076117
0.206135 0.075696
0.193092 0.075150
0.179991 0.074279
0.167256 0.073075
0.154904 0.071561
0.142951 0.069761
0.131411 0.067700
0.120299 0.065405
0.109626 0.062900
0.099405 0.060211
0.089645 0.057364
0.080357 0.054384
0.071549 0.051296
0.063229 0.048123
0.055404 0.044891
0.048078 0.041621
0.041259 0.038335
0.034949 0.035054
0.029152 0.031799
0.023871 0.028587
0.019108 0.025435
0.014865 0.022360
0.011143 0.019376
0.007941 0.016496
0.005259 0.013732
0.003096 0.011092
0.001451 0.008586
0.000322 0.006220
-0.000294 0.003998
-0.000400 0.001924
0.000000 0.000000
0.000894 -0.001751
0.002267 -0.003304
0.004116 -0.004664
0.006434 -0.005834
0.009215 -0.006819
0.012454 -0.007626
0.016143 -0.008263
0.020274 -0.008737
0.024841 -0.009059
0.029835 -0.009239
0.035248 -0.009288
0.041072 -0.009219
0.047297 -0.009044
0.053914 -0.008779
0.060915 -0.008436
0.068290 -0.008032
0.076029 -0.007581
0.084123 -0.007101
0.092562 -0.006607
0.101338 -0.006116
0.110440 -0.005646
0.119861 -0.005213
0.129590 -0.004836
0.139620 -0.004532
0.149943 -0.004318
0.160549 -0.004213
0.171433 -0.004234
0.182585 -0.004399
0.194001 -0.004726
0.206080 -0.005203
0.218873 -0.005660
0.231941 -0.006065
0.245271 -0.006420
0.258851 -0.006728
0.272667 -0.006989
0.286707 -0.007205
0.300956 -0.007379
0.315401 -0.007512
0.330028 -0.007607
0.344822 -0.007665
0.359770 -0.007690
0.374857 -0.007684
0.390068 -0.007649
0.405389 -0.007587
0.420805 -0.007501
0.436300 -0.007394
0.451859 -0.007267
0.467469 -0.007122
0.483112 -0.006963
0.498775 -0.006792
0.514441 -0.006609
0.530095 -0.006418
0.545722 -0.006220
0.561308 -0.006017
0.576835 -0.005810
0.592289 -0.005601
0.607656 -0.005392
0.622919 -0.005183
0.638063 -0.004975
0.653075 -0.004770
0.667938 -0.004569
0.682638 -0.004372
0.697160 -0.004179
0.711491 -0.003992
0.725616 -0.003810
0.739520 -0.003634
0.753190 -0.003465
0.766613 -0.003301
0.779775 -0.003144
0.792662 -0.002994
0.805262 -0.002849
0.817562 -0.002711
0.829550 -0.002579
0.841214 -0.002453
0.852541 -0.002332
0.863522 -0.002217
0.874144 -0.002108
0.884397 -0.002003
0.894270 -0.001904
0.903754 -0.001810
0.912839 -0.001721
0.921515 -0.001636
0.929774 -0.001556
0.937607 -0.001480
0.945007 -0.001409
0.951965 -0.001342
0.958475 -0.001279
0.964530 -0.001221
0.970124 -0.001168
0.975251 -0.001118
0.979906 -0.001074
0.984084 -0.001033
0.987780 -0.000998
0.990992 -0.000967
0.993715 -0.000940
0.995946 -0.000918
0.997685 -0.000901
0.998927 -0.000889
0.999674 -0.000882
1.000000 -0.000880
