                                                                                                                                        ------------ Propeller Coefficients _----------       -------- Rotor Coefficients _-------

 Time       Diameter     RPM       Thrust    Thrusto    Thrusti     Power      Powero     Poweri     Moment     Momento    Momenti      J          CT         CQ         CP        EtaP       CT_H       CQ_H       CP_H       FOM        Angle 
   0.00033      0.300   9200.002     23.939     -0.387     24.327     55.861     73.207    -17.346      0.058      0.076     -0.018    0.40000    0.10262    0.00083    0.00521    7.88539    0.01324    0.00021    0.00021    5.03864   18.00000 
   0.00065      0.300   9200.002     59.039     -0.366     59.405   1821.336     69.700   1751.636      1.890      0.072      1.818    0.40000    0.25307    0.02701    0.16972    0.59644    0.03265    0.00697    0.00697    0.59850   36.00000 
   0.00098      0.300   9200.002     56.872     -0.352     57.225   1790.773     67.434   1723.338      1.859      0.070      1.789    0.40000    0.24378    0.02656    0.16687    0.58436    0.03145    0.00685    0.00685    0.57552   54.00000 
   0.00130      0.300   9200.002     55.187     -0.339     55.527   1753.351     65.347   1688.005      1.820      0.068      1.752    0.40000    0.23656    0.02600    0.16339    0.57915    0.03052    0.00671    0.00671    0.56188   72.00000 
   0.00163      0.300   9200.002     53.838     -0.325     54.163   1739.161     63.373   1675.787      1.805      0.066      1.739    0.40000    0.23078    0.02579    0.16206    0.56959    0.02977    0.00666    0.00666    0.54581   90.00000 
   0.00196      0.300   9200.002     52.444     -0.310     52.754   1726.015     61.074   1664.941      1.792      0.063      1.728    0.40000    0.22480    0.02560    0.16084    0.55907    0.02900    0.00660    0.00660    0.52875  108.00000 
   0.00228      0.300   9200.002     48.568     -0.274     48.842   1697.860     55.118   1642.742      1.762      0.057      1.705    0.40000    0.20819    0.02518    0.15822    0.52634    0.02686    0.00650    0.00650    0.47904  126.00000 
   0.00261      0.300   9200.002     45.708     -0.279     45.988   1535.892     56.087   1479.805      1.594      0.058      1.536    0.40000    0.19593    0.02278    0.14312    0.54759    0.02528    0.00588    0.00588    0.48349  144.00000 
   0.00293      0.300   9200.002     46.422     -0.282     46.704   1556.039     56.533   1499.507      1.615      0.059      1.556    0.40000    0.19899    0.02308    0.14500    0.54894    0.02567    0.00595    0.00595    0.48845  162.00000 
   0.00326      0.300   9200.002     46.804     -0.284     47.088   1564.854     56.891   1507.964      1.624      0.059      1.565    0.40000    0.20063    0.02321    0.14582    0.55033    0.02588    0.00599    0.00599    0.49170  180.00000 
   0.00359      0.300   9200.002     47.080     -0.286     47.366   1571.151     57.149   1514.003      1.631      0.059      1.571    0.40000    0.20181    0.02330    0.14641    0.55136    0.02603    0.00601    0.00601    0.49407  198.00000 
   0.00391      0.300   9200.002     47.316     -0.288     47.603   1575.784     57.412   1518.372      1.636      0.060      1.576    0.40000    0.20282    0.02337    0.14684    0.55249    0.02617    0.00603    0.00603    0.49632  216.00000 
   0.00424      0.300   9200.002     47.627     -0.290     47.917   1582.098     57.769   1524.329      1.642      0.060      1.582    0.40000    0.20415    0.02346    0.14743    0.55391    0.02634    0.00605    0.00605    0.49922  234.00000 
   0.00457      0.300   9200.002     47.764     -0.289     48.053   1592.321     57.607   1534.714      1.653      0.060      1.593    0.40000    0.20474    0.02362    0.14838    0.55193    0.02641    0.00609    0.00609    0.49816  252.00000 
   0.00489      0.300   9200.002     47.651     -0.289     47.940   1589.025     57.545   1531.480      1.649      0.060      1.590    0.40000    0.20426    0.02357    0.14807    0.55178    0.02635    0.00608    0.00608    0.49743  270.00000 
   0.00522      0.300   9200.002     47.601     -0.288     47.890   1587.682     57.501   1530.182      1.648      0.060      1.588    0.40000    0.20404    0.02355    0.14795    0.55166    0.02632    0.00608    0.00608    0.49707  288.00000 
   0.00554      0.300   9200.002     47.569     -0.288     47.858   1586.849     57.479   1529.370      1.647      0.060      1.587    0.40000    0.20391    0.02353    0.14787    0.55158    0.02631    0.00607    0.00607    0.49683  306.00000 
   0.00587      0.300   9200.002     47.548     -0.288     47.836   1586.244     57.455   1528.790      1.646      0.060      1.587    0.40000    0.20382    0.02353    0.14781    0.55155    0.02629    0.00607    0.00607    0.49668  324.00000 
   0.00620      0.300   9200.002     47.525     -0.288     47.813   1585.619     57.436   1528.184      1.646      0.060      1.586    0.40000    0.20372    0.02352    0.14776    0.55149    0.02628    0.00607    0.00607    0.49652  342.00000 
   0.00652      0.300   9200.002     47.523     -0.288     47.811   1585.084     57.455   1527.629      1.645      0.060      1.586    0.40000    0.20371    0.02351    0.14771    0.55165    0.02628    0.00607    0.00607    0.49665  360.00000 
   0.00685      0.300   9200.002     47.534     -0.288     47.823   1585.285     57.459   1527.826      1.645      0.060      1.586    0.40000    0.20376    0.02351    0.14773    0.55172    0.02629    0.00607    0.00607    0.49677  378.00000 
   0.00717      0.300   9200.002     47.540     -0.288     47.829   1585.511     57.467   1528.045      1.646      0.060      1.586    0.40000    0.20378    0.02351    0.14775    0.55171    0.02629    0.00607    0.00607    0.49679  396.00000 
   0.00750      0.300   9200.002     47.544     -0.288     47.832   1585.785     57.468   1528.317      1.646      0.060      1.586    0.40000    0.20380    0.02352    0.14777    0.55166    0.02629    0.00607    0.00607    0.49677  414.00000 
   0.00783      0.300   9200.002     47.545     -0.288     47.834   1585.729     57.468   1528.261      1.646      0.060      1.586    0.40000    0.20381    0.02352    0.14777    0.55169    0.02629    0.00607    0.00607    0.49680  432.00000 
   0.00815      0.300   9200.002     47.546     -0.288     47.834   1585.687     57.468   1528.219      1.646      0.060      1.586    0.40000    0.20381    0.02352    0.14776    0.55171    0.02629    0.00607    0.00607    0.49682  450.00000 
   0.00848      0.300   9200.002     47.545     -0.288     47.833   1585.777     57.469   1528.309      1.646      0.060      1.586    0.40000    0.20380    0.02352    0.14777    0.55167    0.02629    0.00607    0.00607    0.49678  468.00000 
   0.00880      0.300   9200.002     47.545     -0.288     47.833   1585.876     57.467   1528.409      1.646      0.060      1.586    0.40000    0.20380    0.02352    0.14778    0.55164    0.02629    0.00607    0.00607    0.49675  486.00000 
   0.00913      0.300   9200.002     47.543     -0.288     47.832   1585.699     57.465   1528.234      1.646      0.060      1.586    0.40000    0.20380    0.02352    0.14776    0.55168    0.02629    0.00607    0.00607    0.49678  504.00000 
   0.00946      0.300   9200.002     47.543     -0.288     47.831   1585.690     57.465   1528.225      1.646      0.060      1.586    0.40000    0.20379    0.02352    0.14776    0.55167    0.02629    0.00607    0.00607    0.49677  522.00000 
   0.00978      0.300   9200.002     47.543     -0.288     47.831   1585.710     57.467   1528.243      1.646      0.060      1.586    0.40000    0.20380    0.02352    0.14776    0.55167    0.02629    0.00607    0.00607    0.49677  540.00000 
   0.01011      0.300   9200.002     47.543     -0.288     47.831   1585.703     57.465   1528.238      1.646      0.060      1.586    0.40000    0.20379    0.02352    0.14776    0.55167    0.02629    0.00607    0.00607    0.49677  558.00000 
   0.01043      0.300   9200.002     47.543     -0.288     47.831   1585.696     57.466   1528.230      1.646      0.060      1.586    0.40000    0.20380    0.02352    0.14776    0.55168    0.02629    0.00607    0.00607    0.49678  576.00000 
   0.01076      0.300   9200.002     47.544     -0.288     47.832   1585.668     57.465   1528.203      1.646      0.060      1.586    0.40000    0.20380    0.02352    0.14776    0.55169    0.02629    0.00607    0.00607    0.49680  594.00000 
   0.01109      0.300   9200.002     47.543     -0.288     47.831   1585.658     57.467   1528.192      1.646      0.060      1.586    0.40000    0.20379    0.02352    0.14776    0.55169    0.02629    0.00607    0.00607    0.49679  612.00000 
   0.01141      0.300   9200.002     47.545     -0.288     47.833   1585.716     57.467   1528.249      1.646      0.060      1.586    0.40000    0.20380    0.02352    0.14777    0.55169    0.02629    0.00607    0.00607    0.49680  630.00000 
   0.01174      0.300   9200.002     47.544     -0.288     47.832   1585.853     57.466   1528.387      1.646      0.060      1.586    0.40000    0.20380    0.02352    0.14778    0.55163    0.02629    0.00607    0.00607    0.49674  648.00000 
   0.01207      0.300   9200.002     47.544     -0.288     47.832   1585.654     57.468   1528.186      1.646      0.060      1.586    0.40000    0.20380    0.02352    0.14776    0.55170    0.02629    0.00607    0.00607    0.49680  666.00000 
   0.01239      0.300   9200.002     47.543     -0.288     47.831   1585.779     57.466   1528.313      1.646      0.060      1.586    0.40000    0.20380    0.02352    0.14777    0.55165    0.02629    0.00607    0.00607    0.49675  684.00000 
   0.01272      0.300   9200.002     47.544     -0.288     47.832   1585.720     57.467   1528.253      1.646      0.060      1.586    0.40000    0.20380    0.02352    0.14777    0.55168    0.02629    0.00607    0.00607    0.49678  702.00000 
   0.01304      0.300   9200.002     47.544     -0.288     47.832   1585.756     57.465   1528.291      1.646      0.060      1.586    0.40000    0.20380    0.02352    0.14777    0.55166    0.02629    0.00607    0.00607    0.49677  720.00000 
   0.01337      0.300   9200.002     47.543     -0.288     47.831   1585.705     57.466   1528.240      1.646      0.060      1.586    0.40000    0.20380    0.02352    0.14776    0.55168    0.02629    0.00607    0.00607    0.49678  738.00000 
   0.01370      0.300   9200.002     47.544     -0.288     47.832   1585.693     57.467   1528.225      1.646      0.060      1.586    0.40000    0.20380    0.02352    0.14776    0.55168    0.02629    0.00607    0.00607    0.49679  756.00000 
   0.01402      0.300   9200.002     47.544     -0.288     47.832   1585.745     57.466   1528.279      1.646      0.060      1.586    0.40000    0.20380    0.02352    0.14777    0.55167    0.02629    0.00607    0.00607    0.49678  774.00000 
   0.01435      0.300   9200.002     47.543     -0.288     47.832   1585.701     57.466   1528.236      1.646      0.060      1.586    0.40000    0.20380    0.02352    0.14776    0.55168    0.02629    0.00607    0.00607    0.49678  792.00000 
   0.01467      0.300   9200.002     47.544     -0.288     47.832   1585.703     57.467   1528.236      1.646      0.060      1.586    0.40000    0.20380    0.02352    0.14776    0.55168    0.02629    0.00607    0.00607    0.49678  810.00000 
   0.01500      0.300   9200.002     47.544     -0.288     47.832   1585.716     57.466   1528.251      1.646      0.060      1.586    0.40000    0.20380    0.02352    0.14777    0.55168    0.02629    0.00607    0.00607    0.49678  828.00000 
   0.01533      0.300   9200.002     47.543     -0.288     47.831   1585.726     57.466   1528.260      1.646      0.060      1.586    0.40000    0.20380    0.02352    0.14777    0.55167    0.02629    0.00607    0.00607    0.49677  846.00000 
   0.01565      0.300   9200.002     47.544     -0.288     47.832   1585.703     57.466   1528.236      1.646      0.060      1.586    0.40000    0.20380    0.02352    0.14776    0.55168    0.02629    0.00607    0.00607    0.49679  864.00000 
   0.01598      0.300   9200.002     47.544     -0.288     47.832   1585.712     57.465   1528.246      1.646      0.060      1.586    0.40000    0.20380    0.02352    0.14777    0.55168    0.02629    0.00607    0.00607    0.49678  882.00000 
   0.01630      0.300   9200.002     47.543     -0.288     47.831   1585.679     57.466   1528.213      1.646      0.060      1.586    0.40000    0.20379    0.02352    0.14776    0.55168    0.02629    0.00607    0.00607    0.49678  900.00000 
   0.01663      0.300   9200.002     47.544     -0.288     47.832   1585.698     57.466   1528.233      1.646      0.060      1.586    0.40000    0.20380    0.02352    0.14776    0.55168    0.02629    0.00607    0.00607    0.49679  918.00000 
   0.01696      0.300   9200.002     47.543     -0.288     47.832   1585.660     57.466   1528.194      1.646      0.060      1.586    0.40000    0.20380    0.02352    0.14776    0.55169    0.02629    0.00607    0.00607    0.49679  936.00000 
   0.01728      0.300   9200.002     47.544     -0.288     47.832   1585.710     57.466   1528.244      1.646      0.060      1.586    0.40000    0.20380    0.02352    0.14776    0.55168    0.02629    0.00607    0.00607    0.49678  954.00000 
   0.01761      0.300   9200.002     47.543     -0.288     47.831   1585.694     57.465   1528.229      1.646      0.060      1.586    0.40000    0.20380    0.02352    0.14776    0.55168    0.02629    0.00607    0.00607    0.49678  972.00000 
   0.01793      0.300   9200.002     47.544     -0.288     47.832   1585.680     57.467   1528.213      1.646      0.060      1.586    0.40000    0.20380    0.02352    0.14776    0.55169    0.02629    0.00607    0.00607    0.49679  990.00000 
   0.01826      0.300   9200.002     47.544     -0.288     47.832   1585.713     57.465   1528.248      1.646      0.060      1.586    0.40000    0.20380    0.02352    0.14777    0.55168    0.02629    0.00607    0.00607    0.49679 1008.00000 
   0.01859      0.300   9200.002     47.543     -0.288     47.831   1585.695     57.467   1528.228      1.646      0.060      1.586    0.40000    0.20379    0.02352    0.14776    0.55168    0.02629    0.00607    0.00607    0.49678 1026.00000 
   0.01891      0.300   9200.002     47.544     -0.288     47.832   1585.718     57.466   1528.252      1.646      0.060      1.586    0.40000    0.20380    0.02352    0.14777    0.55168    0.02629    0.00607    0.00607    0.49678 1044.00000 
   0.01924      0.300   9200.002     47.544     -0.288     47.832   1585.705     57.467   1528.239      1.646      0.060      1.586    0.40000    0.20380    0.02352    0.14776    0.55168    0.02629    0.00607    0.00607    0.49679 1062.00000 
   0.01957      0.300   9200.002     47.544     -0.288     47.832   1585.754     57.465   1528.289      1.646      0.060      1.586    0.40000    0.20380    0.02352    0.14777    0.55166    0.02629    0.00607    0.00607    0.49677 1080.00000 
   0.01989      0.300   9200.002     47.543     -0.288     47.831   1585.675     57.465   1528.210      1.646      0.060      1.586    0.40000    0.20379    0.02352    0.14776    0.55168    0.02629    0.00607    0.00607    0.49678 1098.00000 
   0.02022      0.300   9200.002     47.542     -0.288     47.831   1585.686     57.465   1528.220      1.646      0.060      1.586    0.40000    0.20379    0.02352    0.14776    0.55167    0.02629    0.00607    0.00607    0.49677 1116.00000 
   0.02054      0.300   9200.002     47.543     -0.288     47.831   1585.713     57.466   1528.247      1.646      0.060      1.586    0.40000    0.20380    0.02352    0.14777    0.55167    0.02629    0.00607    0.00607    0.49677 1134.00000 
   0.02087      0.300   9200.002     47.543     -0.288     47.831   1585.702     57.465   1528.236      1.646      0.060      1.586    0.40000    0.20379    0.02352    0.14776    0.55167    0.02629    0.00607    0.00607    0.49677 1152.00000 
   0.02120      0.300   9200.002     47.543     -0.288     47.832   1585.683     57.466   1528.217      1.646      0.060      1.586    0.40000    0.20380    0.02352    0.14776    0.55168    0.02629    0.00607    0.00607    0.49679 1170.00000 
   0.02152      0.300   9200.002     47.543     -0.288     47.832   1585.695     57.465   1528.230      1.646      0.060      1.586    0.40000    0.20380    0.02352    0.14776    0.55168    0.02629    0.00607    0.00607    0.49678 1188.00000 
   0.02185      0.300   9200.002     47.544     -0.288     47.832   1585.706     57.466   1528.240      1.646      0.060      1.586    0.40000    0.20380    0.02352    0.14776    0.55168    0.02629    0.00607    0.00607    0.49678 1206.00000 
   0.02217      0.300   9200.002     47.543     -0.288     47.831   1585.711     57.464   1528.246      1.646      0.060      1.586    0.40000    0.20379    0.02352    0.14777    0.55167    0.02629    0.00607    0.00607    0.49677 1224.00000 
   0.02250      0.300   9200.002     47.543     -0.288     47.831   1585.682     57.468   1528.214      1.646      0.060      1.586    0.40000    0.20379    0.02352    0.14776    0.55168    0.02629    0.00607    0.00607    0.49678 1242.00000 
   0.02283      0.300   9200.002     47.544     -0.288     47.832   1585.755     57.466   1528.290      1.646      0.060      1.586    0.40000    0.20380    0.02352    0.14777    0.55167    0.02629    0.00607    0.00607    0.49677 1260.00000 
   0.02315      0.300   9200.002     47.543     -0.288     47.831   1585.712     57.466   1528.246      1.646      0.060      1.586    0.40000    0.20379    0.02352    0.14777    0.55167    0.02629    0.00607    0.00607    0.49677 1278.00000 
   0.02348      0.300   9200.002     47.543     -0.288     47.831   1585.696     57.465   1528.230      1.646      0.060      1.586    0.40000    0.20380    0.02352    0.14776    0.55168    0.02629    0.00607    0.00607    0.49678 1296.00000 
   0.02380      0.300   9200.002     47.543     -0.288     47.831   1585.719     57.466   1528.253      1.646      0.060      1.586    0.40000    0.20380    0.02352    0.14777    0.55167    0.02629    0.00607    0.00607    0.49677 1314.00000 
   0.02413      0.300   9200.002     47.544     -0.288     47.832   1585.708     57.466   1528.243      1.646      0.060      1.586    0.40000    0.20380    0.02352    0.14776    0.55168    0.02629    0.00607    0.00607    0.49678 1332.00000 
   0.02446      0.300   9200.002     47.543     -0.288     47.831   1585.689     57.465   1528.224      1.646      0.060      1.586    0.40000    0.20379    0.02352    0.14776    0.55168    0.02629    0.00607    0.00607    0.49678 1350.00000 
   0.02478      0.300   9200.002     47.543     -0.288     47.831   1585.668     57.466   1528.202      1.646      0.060      1.586    0.40000    0.20379    0.02352    0.14776    0.55168    0.02629    0.00607    0.00607    0.49678 1368.00000 
   0.02511      0.300   9200.002     47.543     -0.288     47.832   1585.713     57.466   1528.247      1.646      0.060      1.586    0.40000    0.20380    0.02352    0.14777    0.55168    0.02629    0.00607    0.00607    0.49678 1386.00000 
   0.02543      0.300   9200.002     47.544     -0.288     47.832   1585.718     57.466   1528.252      1.646      0.060      1.586    0.40000    0.20380    0.02352    0.14777    0.55168    0.02629    0.00607    0.00607    0.49678 1404.00000 
   0.02576      0.300   9200.002     47.544     -0.288     47.832   1585.721     57.466   1528.255      1.646      0.060      1.586    0.40000    0.20380    0.02352    0.14777    0.55168    0.02629    0.00607    0.00607    0.49678 1422.00000 
   0.02609      0.300   9200.002     47.544     -0.288     47.832   1585.719     57.466   1528.252      1.646      0.060      1.586    0.40000    0.20380    0.02352    0.14777    0.55168    0.02629    0.00607    0.00607    0.49678 1440.00000 
   0.02641      0.300   9200.002     47.544     -0.288     47.832   1585.705     57.465   1528.239      1.646      0.060      1.586    0.40000    0.20380    0.02352    0.14776    0.55168    0.02629    0.00607    0.00607    0.49678 1458.00000 
   0.02674      0.300   9200.002     47.544     -0.288     47.832   1585.695     57.467   1528.228      1.646      0.060      1.586    0.40000    0.20380    0.02352    0.14776    0.55168    0.02629    0.00607    0.00607    0.49679 1476.00000 
   0.02707      0.300   9200.002     47.544     -0.288     47.832   1585.743     57.466   1528.278      1.646      0.060      1.586    0.40000    0.20380    0.02352    0.14777    0.55167    0.02629    0.00607    0.00607    0.49678 1494.00000 
   0.02739      0.300   9200.002     47.543     -0.288     47.831   1585.693     57.466   1528.227      1.646      0.060      1.586    0.40000    0.20380    0.02352    0.14776    0.55168    0.02629    0.00607    0.00607    0.49678 1512.00000 
   0.02772      0.300   9200.002     47.544     -0.288     47.832   1585.708     57.466   1528.242      1.646      0.060      1.586    0.40000    0.20380    0.02352    0.14776    0.55168    0.02629    0.00607    0.00607    0.49678 1530.00000 
   0.02804      0.300   9200.002     47.544     -0.288     47.832   1585.698     57.465   1528.233      1.646      0.060      1.586    0.40000    0.20380    0.02352    0.14776    0.55168    0.02629    0.00607    0.00607    0.49679 1548.00000 
   0.02837      0.300   9200.002     47.543     -0.288     47.831   1585.678     57.466   1528.212      1.646      0.060      1.586    0.40000    0.20379    0.02352    0.14776    0.55168    0.02629    0.00607    0.00607    0.49678 1566.00000 
   0.02870      0.300   9200.002     47.543     -0.288     47.831   1585.699     57.464   1528.235      1.646      0.060      1.586    0.40000    0.20379    0.02352    0.14776    0.55168    0.02629    0.00607    0.00607    0.49678 1584.00000 
   0.02902      0.300   9200.002     47.543     -0.288     47.831   1585.655     57.466   1528.188      1.646      0.060      1.586    0.40000    0.20379    0.02352    0.14776    0.55169    0.02629    0.00607    0.00607    0.49679 1602.00000 
   0.02935      0.300   9200.002     47.543     -0.288     47.832   1585.724     57.465   1528.259      1.646      0.060      1.586    0.40000    0.20380    0.02352    0.14777    0.55167    0.02629    0.00607    0.00607    0.49677 1620.00000 
   0.02967      0.300   9200.002     47.543     -0.288     47.831   1585.680     57.466   1528.214      1.646      0.060      1.586    0.40000    0.20379    0.02352    0.14776    0.55168    0.02629    0.00607    0.00607    0.49678 1638.00000 
   0.03000      0.300   9200.002     47.544     -0.288     47.832   1585.731     57.466   1528.265      1.646      0.060      1.586    0.40000    0.20380    0.02352    0.14777    0.55167    0.02629    0.00607    0.00607    0.49677 1656.00000 
   0.03033      0.300   9200.002     47.544     -0.288     47.832   1585.703     57.466   1528.237      1.646      0.060      1.586    0.40000    0.20380    0.02352    0.14776    0.55168    0.02629    0.00607    0.00607    0.49679 1674.00000 
   0.03065      0.300   9200.002     47.544     -0.288     47.832   1585.739     57.466   1528.274      1.646      0.060      1.586    0.40000    0.20380    0.02352    0.14777    0.55167    0.02629    0.00607    0.00607    0.49677 1692.00000 
   0.03098      0.300   9200.002     47.543     -0.288     47.831   1585.699     57.466   1528.233      1.646      0.060      1.586    0.40000    0.20379    0.02352    0.14776    0.55168    0.02629    0.00607    0.00607    0.49678 1710.00000 
   0.03130      0.300   9200.002     47.543     -0.288     47.831   1585.710     57.465   1528.245      1.646      0.060      1.586    0.40000    0.20380    0.02352    0.14776    0.55167    0.02629    0.00607    0.00607    0.49677 1728.00000 
   0.03163      0.300   9200.002     47.543     -0.288     47.831   1585.703     57.466   1528.237      1.646      0.060      1.586    0.40000    0.20379    0.02352    0.14776    0.55168    0.02629    0.00607    0.00607    0.49678 1746.00000 
   0.03196      0.300   9200.002     47.543     -0.288     47.831   1585.710     57.466   1528.244      1.646      0.060      1.586    0.40000    0.20380    0.02352    0.14776    0.55167    0.02629    0.00607    0.00607    0.49677 1764.00000 
   0.03228      0.300   9200.002     47.544     -0.288     47.832   1585.708     57.466   1528.243      1.646      0.060      1.586    0.40000    0.20380    0.02352    0.14776    0.55168    0.02629    0.00607    0.00607    0.49678 1782.00000 
   0.03261      0.300   9200.002     47.543     -0.288     47.831   1585.739     57.465   1528.274      1.646      0.060      1.586    0.40000    0.20379    0.02352    0.14777    0.55166    0.02629    0.00607    0.00607    0.49676 1800.00000 
   0.03293      0.300   9200.002     47.543     -0.288     47.831   1585.690     57.466   1528.224      1.646      0.060      1.586    0.40000    0.20379    0.02352    0.14776    0.55168    0.02629    0.00607    0.00607    0.49678 1818.00000 
   0.03326      0.300   9200.002     47.543     -0.288     47.832   1585.720     57.466   1528.255      1.646      0.060      1.586    0.40000    0.20380    0.02352    0.14777    0.55167    0.02629    0.00607    0.00607    0.49677 1836.00000 
   0.03359      0.300   9200.002     47.543     -0.288     47.831   1585.701     57.466   1528.235      1.646      0.060      1.586    0.40000    0.20380    0.02352    0.14776    0.55168    0.02629    0.00607    0.00607    0.49678 1854.00000 
   0.03391      0.300   9200.002     47.544     -0.288     47.832   1585.717     57.466   1528.251      1.646      0.060      1.586    0.40000    0.20380    0.02352    0.14777    0.55168    0.02629    0.00607    0.00607    0.49678 1872.00000 
   0.03424      0.300   9200.002     47.544     -0.288     47.832   1585.739     57.466   1528.273      1.646      0.060      1.586    0.40000    0.20380    0.02352    0.14777    0.55167    0.02629    0.00607    0.00607    0.49677 1890.00000 
   0.03457      0.300   9200.002     47.544     -0.288     47.832   1585.722     57.467   1528.255      1.646      0.060      1.586    0.40000    0.20380    0.02352    0.14777    0.55167    0.02629    0.00607    0.00607    0.49678 1908.00000 
   0.03489      0.300   9200.002     47.543     -0.288     47.832   1585.725     57.465   1528.260      1.646      0.060      1.586    0.40000    0.20380    0.02352    0.14777    0.55167    0.02629    0.00607    0.00607    0.49677 1926.00000 
   0.03522      0.300   9200.002     47.543     -0.288     47.831   1585.686     57.466   1528.220      1.646      0.060      1.586    0.40000    0.20379    0.02352    0.14776    0.55168    0.02629    0.00607    0.00607    0.49678 1944.00000 
   0.03554      0.300   9200.002     47.544     -0.288     47.832   1585.718     57.466   1528.252      1.646      0.060      1.586    0.40000    0.20380    0.02352    0.14777    0.55168    0.02629    0.00607    0.00607    0.49678 1962.00000 
   0.03587      0.300   9200.002     47.543     -0.288     47.831   1585.703     57.465   1528.238      1.646      0.060      1.586    0.40000    0.20379    0.02352    0.14776    0.55167    0.02629    0.00607    0.00607    0.49677 1980.00000 
   0.03620      0.300   9200.002     47.543     -0.288     47.831   1585.701     57.466   1528.234      1.646      0.060      1.586    0.40000    0.20379    0.02352    0.14776    0.55167    0.02629    0.00607    0.00607    0.49677 1998.00000 
   0.03652      0.300   9200.002     47.543     -0.288     47.832   1585.734     57.465   1528.269      1.646      0.060      1.586    0.40000    0.20380    0.02352    0.14777    0.55167    0.02629    0.00607    0.00607    0.49677 2016.00000 
   0.03685      0.300   9200.002     47.543     -0.288     47.831   1585.679     57.466   1528.213      1.646      0.060      1.586    0.40000    0.20379    0.02352    0.14776    0.55168    0.02629    0.00607    0.00607    0.49678 2034.00000 
   0.03717      0.300   9200.002     47.544     -0.288     47.832   1585.728     57.467   1528.262      1.646      0.060      1.586    0.40000    0.20380    0.02352    0.14777    0.55167    0.02629    0.00607    0.00607    0.49678 2052.00000 
   0.03750      0.300   9200.002     47.544     -0.288     47.832   1585.715     57.466   1528.249      1.646      0.060      1.586    0.40000    0.20380    0.02352    0.14777    0.55168    0.02629    0.00607    0.00607    0.49678 2070.00000 
   0.03783      0.300   9200.002     47.543     -0.288     47.831   1585.708     57.465   1528.243      1.646      0.060      1.586    0.40000    0.20379    0.02352    0.14776    0.55167    0.02629    0.00607    0.00607    0.49677 2088.00000 
   0.03815      0.300   9200.002     47.542     -0.288     47.831   1585.688     57.465   1528.223      1.646      0.060      1.586    0.40000    0.20379    0.02352    0.14776    0.55167    0.02629    0.00607    0.00607    0.49677 2106.00000 
   0.03848      0.300   9200.002     47.543     -0.288     47.831   1585.672     57.466   1528.206      1.646      0.060      1.586    0.40000    0.20379    0.02352    0.14776    0.55168    0.02629    0.00607    0.00607    0.49678 2124.00000 
   0.03880      0.300   9200.002     47.544     -0.288     47.832   1585.739     57.466   1528.274      1.646      0.060      1.586    0.40000    0.20380    0.02352    0.14777    0.55167    0.02629    0.00607    0.00607    0.49677 2142.00000 
   0.03913      0.300   9200.002     47.543     -0.288     47.831   1585.690     57.466   1528.224      1.646      0.060      1.586    0.40000    0.20379    0.02352    0.14776    0.55168    0.02629    0.00607    0.00607    0.49678 2160.00000 
   0.03946      0.300   9200.002     47.543     -0.288     47.832   1585.712     57.466   1528.246      1.646      0.060      1.586    0.40000    0.20380    0.02352    0.14777    0.55168    0.02629    0.00607    0.00607    0.49678 2178.00000 
   0.03978      0.300   9200.002     47.543     -0.288     47.831   1585.723     57.466   1528.257      1.646      0.060      1.586    0.40000    0.20380    0.02352    0.14777    0.55167    0.02629    0.00607    0.00607    0.49677 2196.00000 
   0.04011      0.300   9200.002     47.544     -0.288     47.832   1585.742     57.466   1528.276      1.646      0.060      1.586    0.40000    0.20380    0.02352    0.14777    0.55167    0.02629    0.00607    0.00607    0.49677 2214.00000 
   0.04043      0.300   9200.002     47.544     -0.288     47.832   1585.729     57.466   1528.263      1.646      0.060      1.586    0.40000    0.20380    0.02352    0.14777    0.55167    0.02629    0.00607    0.00607    0.49677 2232.00000 
   0.04076      0.300   9200.002     47.543     -0.288     47.832   1585.737     57.466   1528.271      1.646      0.060      1.586    0.40000    0.20380    0.02352    0.14777    0.55167    0.02629    0.00607    0.00607    0.49677 2250.00000 
   0.04109      0.300   9200.002     47.544     -0.288     47.832   1585.731     57.466   1528.265      1.646      0.060      1.586    0.40000    0.20380    0.02352    0.14777    0.55167    0.02629    0.00607    0.00607    0.49677 2268.00000 
   0.04141      0.300   9200.002     47.543     -0.288     47.831   1585.703     57.465   1528.237      1.646      0.060      1.586    0.40000    0.20379    0.02352    0.14776    0.55168    0.02629    0.00607    0.00607    0.49678 2286.00000 
   0.04174      0.300   9200.002     47.543     -0.288     47.831   1585.684     57.465   1528.219      1.646      0.060      1.586    0.40000    0.20379    0.02352    0.14776    0.55168    0.02629    0.00607    0.00607    0.49678 2304.00000 
   0.04207      0.300   9200.002     47.543     -0.288     47.831   1585.707     57.465   1528.242      1.646      0.060      1.586    0.40000    0.20379    0.02352    0.14776    0.55167    0.02629    0.00607    0.00607    0.49677 2322.00000 
   0.04239      0.300   9200.002     47.543     -0.288     47.831   1585.702     57.466   1528.236      1.646      0.060      1.586    0.40000    0.20380    0.02352    0.14776    0.55168    0.02629    0.00607    0.00607    0.49678 2340.00000 
   0.04272      0.300   9200.002     47.543     -0.288     47.831   1585.696     57.465   1528.231      1.646      0.060      1.586    0.40000    0.20380    0.02352    0.14776    0.55168    0.02629    0.00607    0.00607    0.49678 2358.00000 
   0.04304      0.300   9200.002     47.543     -0.288     47.831   1585.683     57.466   1528.217      1.646      0.060      1.586    0.40000    0.20379    0.02352    0.14776    0.55168    0.02629    0.00607    0.00607    0.49678 2376.00000 
   0.04337      0.300   9200.002     47.543     -0.288     47.831   1585.720     57.465   1528.255      1.646      0.060      1.586    0.40000    0.20379    0.02352    0.14777    0.55167    0.02629    0.00607    0.00607    0.49677 2394.00000 
   0.04370      0.300   9200.002     47.543     -0.288     47.831   1585.692     57.466   1528.227      1.646      0.060      1.586    0.40000    0.20379    0.02352    0.14776    0.55168    0.02629    0.00607    0.00607    0.49678 2412.00000 
   0.04402      0.300   9200.002     47.543     -0.288     47.832   1585.710     57.466   1528.243      1.646      0.060      1.586    0.40000    0.20380    0.02352    0.14776    0.55168    0.02629    0.00607    0.00607    0.49678 2430.00000 
   0.04435      0.300   9200.002     47.544     -0.288     47.832   1585.715     57.466   1528.249      1.646      0.060      1.586    0.40000    0.20380    0.02352    0.14777    0.55168    0.02629    0.00607    0.00607    0.49678 2448.00000 
   0.04467      0.300   9200.002     47.543     -0.288     47.832   1585.712     57.467   1528.245      1.646      0.060      1.586    0.40000    0.20380    0.02352    0.14777    0.55168    0.02629    0.00607    0.00607    0.49678 2466.00000 
   0.04500      0.300   9200.002     47.544     -0.288     47.832   1585.736     57.466   1528.270      1.646      0.060      1.586    0.40000    0.20380    0.02352    0.14777    0.55167    0.02629    0.00607    0.00607    0.49678 2484.00000 
   0.04533      0.300   9200.002     47.543     -0.288     47.832   1585.703     57.467   1528.236      1.646      0.060      1.586    0.40000    0.20380    0.02352    0.14776    0.55168    0.02629    0.00607    0.00607    0.49678 2502.00000 
   0.04565      0.300   9200.002     47.544     -0.288     47.833   1585.762     57.465   1528.296      1.646      0.060      1.586    0.40000    0.20380    0.02352    0.14777    0.55167    0.02629    0.00607    0.00607    0.49678 2520.00000 
   0.04598      0.300   9200.002     47.543     -0.288     47.831   1585.694     57.465   1528.228      1.646      0.060      1.586    0.40000    0.20379    0.02352    0.14776    0.55167    0.02629    0.00607    0.00607    0.49677 2538.00000 
   0.04630      0.300   9200.002     47.543     -0.288     47.831   1585.676     57.466   1528.211      1.646      0.060      1.586    0.40000    0.20379    0.02352    0.14776    0.55168    0.02629    0.00607    0.00607    0.49678 2556.00000 
   0.04663      0.300   9200.002     47.543     -0.288     47.831   1585.705     57.465   1528.240      1.646      0.060      1.586    0.40000    0.20379    0.02352    0.14776    0.55167    0.02629    0.00607    0.00607    0.49677 2574.00000 
   0.04696      0.300   9200.002     47.543     -0.288     47.831   1585.683     57.466   1528.217      1.646      0.060      1.586    0.40000    0.20379    0.02352    0.14776    0.55168    0.02629    0.00607    0.00607    0.49678 2592.00000 
   0.04728      0.300   9200.002     47.543     -0.288     47.832   1585.722     57.466   1528.255      1.646      0.060      1.586    0.40000    0.20380    0.02352    0.14777    0.55167    0.02629    0.00607    0.00607    0.49678 2610.00000 
   0.04761      0.300   9200.002     47.544     -0.288     47.832   1585.712     57.466   1528.246      1.646      0.060      1.586    0.40000    0.20380    0.02352    0.14777    0.55168    0.02629    0.00607    0.00607    0.49678 2628.00000 
   0.04793      0.300   9200.002     47.544     -0.288     47.832   1585.712     57.467   1528.245      1.646      0.060      1.586    0.40000    0.20380    0.02352    0.14777    0.55168    0.02629    0.00607    0.00607    0.49678 2646.00000 
   0.04826      0.300   9200.002     47.544     -0.288     47.832   1585.729     57.465   1528.264      1.646      0.060      1.586    0.40000    0.20380    0.02352    0.14777    0.55167    0.02629    0.00607    0.00607    0.49678 2664.00000 
   0.04859      0.300   9200.002     47.543     -0.288     47.832   1585.684     57.468   1528.216      1.646      0.060      1.586    0.40000    0.20380    0.02352    0.14776    0.55168    0.02629    0.00607    0.00607    0.49678 2682.00000 
   0.04891      0.300   9200.002     47.544     -0.288     47.833   1585.746     57.465   1528.280      1.646      0.060      1.586    0.40000    0.20380    0.02352    0.14777    0.55168    0.02629    0.00607    0.00607    0.49678 2700.00000 
   0.04924      0.300   9200.002     47.544     -0.288     47.832   1585.697     57.467   1528.230      1.646      0.060      1.586    0.40000    0.20380    0.02352    0.14776    0.55168    0.02629    0.00607    0.00607    0.49679 2718.00000 
   0.04957      0.300   9200.002     47.544     -0.288     47.832   1585.710     57.465   1528.245      1.646      0.060      1.586    0.40000    0.20380    0.02352    0.14776    0.55168    0.02629    0.00607    0.00607    0.49678 2736.00000 
   0.04989      0.300   9200.002     47.543     -0.288     47.831   1585.658     57.465   1528.193      1.646      0.060      1.586    0.40000    0.20379    0.02352    0.14776    0.55169    0.02629    0.00607    0.00607    0.49679 2754.00000 
   0.05022      0.300   9200.002     47.543     -0.288     47.832   1585.701     57.465   1528.236      1.646      0.060      1.586    0.40000    0.20380    0.02352    0.14776    0.55168    0.02629    0.00607    0.00607    0.49678 2772.00000 
   0.05054      0.300   9200.002     47.543     -0.288     47.831   1585.693     57.465   1528.228      1.646      0.060      1.586    0.40000    0.20379    0.02352    0.14776    0.55168    0.02629    0.00607    0.00607    0.49678 2790.00000 
   0.05087      0.300   9200.002     47.543     -0.288     47.831   1585.690     57.466   1528.224      1.646      0.060      1.586    0.40000    0.20379    0.02352    0.14776    0.55168    0.02629    0.00607    0.00607    0.49678 2808.00000 
   0.05120      0.300   9200.002     47.543     -0.288     47.831   1585.698     57.466   1528.233      1.646      0.060      1.586    0.40000    0.20380    0.02352    0.14776    0.55168    0.02629    0.00607    0.00607    0.49678 2826.00000 
   0.05152      0.300   9200.002     47.544     -0.288     47.832   1585.747     57.466   1528.281      1.646      0.060      1.586    0.40000    0.20380    0.02352    0.14777    0.55167    0.02629    0.00607    0.00607    0.49677 2844.00000 
   0.05185      0.300   9200.002     47.543     -0.288     47.832   1585.690     57.465   1528.225      1.646      0.060      1.586    0.40000    0.20380    0.02352    0.14776    0.55168    0.02629    0.00607    0.00607    0.49678 2862.00000 
   0.05217      0.300   9200.002     47.543     -0.288     47.832   1585.667     57.468   1528.199      1.646      0.060      1.586    0.40000    0.20380    0.02352    0.14776    0.55169    0.02629    0.00607    0.00607    0.49679 2880.00000 
   0.05250      0.300   9200.002     47.544     -0.288     47.832   1585.764     57.465   1528.299      1.646      0.060      1.586    0.40000    0.20380    0.02352    0.14777    0.55167    0.02629    0.00607    0.00607    0.49677 2898.00000 
   0.05283      0.300   9200.002     47.543     -0.288     47.831   1585.682     57.467   1528.215      1.646      0.060      1.586    0.40000    0.20379    0.02352    0.14776    0.55168    0.02629    0.00607    0.00607    0.49678 2916.00000 
   0.05315      0.300   9200.002     47.544     -0.288     47.832   1585.717     57.466   1528.251      1.646      0.060      1.586    0.40000    0.20380    0.02352    0.14777    0.55168    0.02629    0.00607    0.00607    0.49678 2934.00000 
   0.05348      0.300   9200.002     47.544     -0.288     47.833   1585.711     57.467   1528.245      1.646      0.060      1.586    0.40000    0.20380    0.02352    0.14777    0.55169    0.02629    0.00607    0.00607    0.49679 2952.00000 
   0.05380      0.300   9200.002     47.544     -0.288     47.832   1585.725     57.465   1528.260      1.646      0.060      1.586    0.40000    0.20380    0.02352    0.14777    0.55167    0.02629    0.00607    0.00607    0.49678 2970.00000 
   0.05413      0.300   9200.002     47.543     -0.288     47.831   1585.708     57.466   1528.242      1.646      0.060      1.586    0.40000    0.20380    0.02352    0.14776    0.55168    0.02629    0.00607    0.00607    0.49678 2988.00000 
   0.05446      0.300   9200.002     47.543     -0.288     47.831   1585.706     57.465   1528.240      1.646      0.060      1.586    0.40000    0.20379    0.02352    0.14776    0.55167    0.02629    0.00607    0.00607    0.49677 3006.00000 
   0.05478      0.300   9200.002     47.543     -0.288     47.831   1585.685     57.465   1528.220      1.646      0.060      1.586    0.40000    0.20379    0.02352    0.14776    0.55168    0.02629    0.00607    0.00607    0.49678 3024.00000 
   0.05511      0.300   9200.002     47.543     -0.288     47.831   1585.676     57.467   1528.210      1.646      0.060      1.586    0.40000    0.20379    0.02352    0.14776    0.55168    0.02629    0.00607    0.00607    0.49678 3042.00000 
   0.05543      0.300   9200.002     47.544     -0.288     47.832   1585.739     57.465   1528.273      1.646      0.060      1.586    0.40000    0.20380    0.02352    0.14777    0.55168    0.02629    0.00607    0.00607    0.49678 3060.00000 
   0.05576      0.300   9200.002     47.543     -0.288     47.831   1585.685     57.466   1528.219      1.646      0.060      1.586    0.40000    0.20380    0.02352    0.14776    0.55168    0.02629    0.00607    0.00607    0.49678 3078.00000 
   0.05609      0.300   9200.002     47.543     -0.288     47.831   1585.702     57.465   1528.236      1.646      0.060      1.586    0.40000    0.20379    0.02352    0.14776    0.55167    0.02629    0.00607    0.00607    0.49677 3096.00000 
   0.05641      0.300   9200.002     47.543     -0.288     47.832   1585.702     57.466   1528.236      1.646      0.060      1.586    0.40000    0.20380    0.02352    0.14776    0.55168    0.02629    0.00607    0.00607    0.49678 3114.00000 
   0.05674      0.300   9200.002     47.543     -0.288     47.831   1585.723     57.465   1528.258      1.646      0.060      1.586    0.40000    0.20379    0.02352    0.14777    0.55167    0.02629    0.00607    0.00607    0.49677 3132.00000 
   0.05707      0.300   9200.002     47.543     -0.288     47.831   1585.710     57.467   1528.244      1.646      0.060      1.586    0.40000    0.20380    0.02352    0.14776    0.55167    0.02629    0.00607    0.00607    0.49677 3150.00000 
   0.05739      0.300   9200.002     47.544     -0.288     47.832   1585.724     57.466   1528.258      1.646      0.060      1.586    0.40000    0.20380    0.02352    0.14777    0.55168    0.02629    0.00607    0.00607    0.49678 3168.00000 
   0.05772      0.300   9200.002     47.544     -0.288     47.832   1585.726     57.466   1528.260      1.646      0.060      1.586    0.40000    0.20380    0.02352    0.14777    0.55167    0.02629    0.00607    0.00607    0.49678 3186.00000 
   0.05804      0.300   9200.002     47.544     -0.288     47.832   1585.725     57.466   1528.258      1.646      0.060      1.586    0.40000    0.20380    0.02352    0.14777    0.55168    0.02629    0.00607    0.00607    0.49678 3204.00000 
   0.05837      0.300   9200.002     47.543     -0.288     47.832   1585.703     57.465   1528.238      1.646      0.060      1.586    0.40000    0.20380    0.02352    0.14776    0.55168    0.02629    0.00607    0.00607    0.49678 3222.00000 
   0.05870      0.300   9200.002     47.543     -0.288     47.831   1585.675     57.465   1528.209      1.646      0.060      1.586    0.40000    0.20379    0.02352    0.14776    0.55168    0.02629    0.00607    0.00607    0.49678 3240.00000 
   0.05902      0.300   9200.002     47.543     -0.288     47.831   1585.684     57.465   1528.219      1.646      0.060      1.586    0.40000    0.20379    0.02352    0.14776    0.55168    0.02629    0.00607    0.00607    0.49678 3258.00000 
   0.05935      0.300   9200.002     47.543     -0.288     47.831   1585.699     57.466   1528.234      1.646      0.060      1.586    0.40000    0.20379    0.02352    0.14776    0.55168    0.02629    0.00607    0.00607    0.49678 3276.00000 
   0.05967      0.300   9200.002     47.544     -0.288     47.832   1585.695     57.467   1528.229      1.646      0.060      1.586    0.40000    0.20380    0.02352    0.14776    0.55168    0.02629    0.00607    0.00607    0.49679 3294.00000 
   0.06000      0.300   9200.002     47.544     -0.288     47.832   1585.726     57.466   1528.260      1.646      0.060      1.586    0.40000    0.20380    0.02352    0.14777    0.55168    0.02629    0.00607    0.00607    0.49678 3312.00000 
   0.06033      0.300   9200.002     47.543     -0.288     47.831   1585.684     57.465   1528.218      1.646      0.060      1.586    0.40000    0.20380    0.02352    0.14776    0.55168    0.02629    0.00607    0.00607    0.49678 3330.00000 
   0.06065      0.300   9200.002     47.543     -0.288     47.832   1585.696     57.466   1528.230      1.646      0.060      1.586    0.40000    0.20380    0.02352    0.14776    0.55168    0.02629    0.00607    0.00607    0.49678 3348.00000 
   0.06098      0.300   9200.002     47.544     -0.288     47.832   1585.724     57.466   1528.258      1.646      0.060      1.586    0.40000    0.20380    0.02352    0.14777    0.55168    0.02629    0.00607    0.00607    0.49678 3366.00000 
   0.06130      0.300   9200.002     47.543     -0.288     47.832   1585.713     57.467   1528.246      1.646      0.060      1.586    0.40000    0.20380    0.02352    0.14777    0.55167    0.02629    0.00607    0.00607    0.49678 3384.00000 
   0.06163      0.300   9200.002     47.544     -0.288     47.832   1585.743     57.466   1528.277      1.646      0.060      1.586    0.40000    0.20380    0.02352    0.14777    0.55167    0.02629    0.00607    0.00607    0.49678 3402.00000 
   0.06196      0.300   9200.002     47.544     -0.288     47.832   1585.674     57.466   1528.208      1.646      0.060      1.586    0.40000    0.20380    0.02352    0.14776    0.55169    0.02629    0.00607    0.00607    0.49679 3420.00000 
   0.06228      0.300   9200.002     47.543     -0.288     47.832   1585.716     57.465   1528.251      1.646      0.060      1.586    0.40000    0.20380    0.02352    0.14777    0.55167    0.02629    0.00607    0.00607    0.49677 3438.00000 
   0.06261      0.300   9200.002     47.543     -0.288     47.831   1585.675     57.466   1528.209      1.646      0.060      1.586    0.40000    0.20379    0.02352    0.14776    0.55168    0.02629    0.00607    0.00607    0.49678 3456.00000 
   0.06293      0.300   9200.002     47.543     -0.288     47.831   1585.691     57.465   1528.226      1.646      0.060      1.586    0.40000    0.20379    0.02352    0.14776    0.55168    0.02629    0.00607    0.00607    0.49678 3474.00000 
   0.06326      0.300   9200.002     47.543     -0.288     47.831   1585.704     57.466   1528.238      1.646      0.060      1.586    0.40000    0.20379    0.02352    0.14776    0.55167    0.02629    0.00607    0.00607    0.49677 3492.00000 
   0.06359      0.300   9200.002     47.543     -0.288     47.832   1585.723     57.466   1528.257      1.646      0.060      1.586    0.40000    0.20380    0.02352    0.14777    0.55167    0.02629    0.00607    0.00607    0.49677 3510.00000 
   0.06391      0.300   9200.002     47.543     -0.288     47.831   1585.708     57.466   1528.243      1.646      0.060      1.586    0.40000    0.20380    0.02352    0.14776    0.55167    0.02629    0.00607    0.00607    0.49678 3528.00000 
   0.06424      0.300   9200.002     47.543     -0.288     47.831   1585.730     57.467   1528.264      1.646      0.060      1.586    0.40000    0.20380    0.02352    0.14777    0.55167    0.02629    0.00607    0.00607    0.49677 3546.00000 
   0.06457      0.300   9200.002     47.544     -0.288     47.832   1585.728     57.467   1528.262      1.646      0.060      1.586    0.40000    0.20380    0.02352    0.14777    0.55168    0.02629    0.00607    0.00607    0.49679 3564.00000 
   0.06489      0.300   9200.002     47.544     -0.288     47.832   1585.723     57.466   1528.257      1.646      0.060      1.586    0.40000    0.20380    0.02352    0.14777    0.55168    0.02629    0.00607    0.00607    0.49678 3582.00000 
   0.06522      0.300   9200.002     47.544     -0.288     47.832   1585.733     57.466   1528.267      1.646      0.060      1.586    0.40000    0.20380    0.02352    0.14777    0.55167    0.02629    0.00607    0.00607    0.49677 3600.00000 


Time averaged results: 

                0.300   9200.002     47.609     -0.290     47.899   1582.550     57.717   1524.833      1.643      0.060    1.58273    0.40000    0.20408    0.02347    0.14747    0.55354    0.02633    0.00606    0.00606    0.49880 3600.00000 
