  
       XFOIL         Version 6.99
  
 Calculated polar for: r03500                                          
  
 1 1 Reynolds number fixed          Mach number fixed         
  
 xtrf =   1.000 (top)        1.000 (bottom)  
 Mach =   0.000     Re =     0.012 e 6     Ncrit =   9.000
  
   alpha    CL        CD       CDp       CM     Top_Xtr  Bot_Xtr
  ------ -------- --------- --------- -------- -------- --------
  -8.000  -0.0548   0.08413   0.06975  -0.0234   1.0000   1.0000
  -7.500  -0.0365   0.07936   0.06512  -0.0250   1.0000   1.0000
  -7.000  -0.0862   0.08195   0.06814  -0.0112   1.0000   0.9424
  -6.500  -0.1476   0.08451   0.07123   0.0013   1.0000   0.8456
  -6.000  -0.1931   0.08445   0.07173   0.0076   1.0000   0.7649
  -5.500  -0.2307   0.08281   0.07064   0.0116   1.0000   0.7015
  -5.000  -0.2707   0.08068   0.06910   0.0162   1.0000   0.6540
  -4.500  -0.2962   0.07714   0.06603   0.0173   1.0000   0.6118
  -4.000  -0.3176   0.07317   0.06242   0.0160   1.0000   0.5750
  -3.500  -0.3129   0.06793   0.05726   0.0097   1.0000   0.5399
  -3.000  -0.2769   0.06184   0.05087  -0.0012   1.0000   0.5072
  -2.500  -0.2175   0.05593   0.04440  -0.0130   1.0000   0.4871
  -2.000  -0.1413   0.05092   0.03844  -0.0256   1.0000   0.4774
  -1.500  -0.0715   0.04718   0.03397  -0.0328   1.0000   0.4869
  -1.000  -0.0027   0.04451   0.03071  -0.0383   1.0000   0.5135
  -0.500   0.0536   0.04234   0.02876  -0.0403   1.0000   0.5785
   0.000   0.0795   0.03978   0.02790  -0.0368   1.0000   1.0000
   0.500   0.1485   0.04230   0.02791  -0.0440   1.0000   1.0000
   1.000   0.1848   0.04504   0.02925  -0.0445   1.0000   1.0000
   1.500   0.2125   0.04827   0.03148  -0.0449   1.0000   1.0000
   2.000   0.2362   0.05197   0.03436  -0.0459   1.0000   1.0000
   2.500   0.2584   0.05599   0.03771  -0.0473   1.0000   1.0000
   3.000   0.2805   0.06020   0.04132  -0.0489   1.0000   1.0000
   3.500   0.3033   0.06453   0.04511  -0.0505   1.0000   1.0000
   4.000   0.3267   0.06895   0.04907  -0.0522   1.0000   1.0000
   4.500   0.3503   0.07346   0.05319  -0.0538   1.0000   1.0000
   5.000   0.3741   0.07806   0.05746  -0.0553   1.0000   1.0000
   5.500   0.3979   0.08278   0.06191  -0.0569   1.0000   1.0000
   6.000   0.4216   0.08761   0.06652  -0.0585   1.0000   1.0000
   6.500   0.4449   0.09255   0.07130  -0.0600   1.0000   1.0000
   7.000   0.4681   0.09761   0.07625  -0.0616   1.0000   1.0000
   7.500   0.4909   0.10279   0.08139  -0.0632   1.0000   1.0000
   8.000   0.5133   0.10809   0.08666  -0.0649   1.0000   1.0000
   8.500   0.5354   0.11350   0.09209  -0.0666   1.0000   1.0000
   9.000   0.5572   0.11903   0.09771  -0.0684   1.0000   1.0000
   9.500   0.5787   0.12468   0.10344  -0.0703   1.0000   1.0000
  10.000   0.5999   0.13042   0.10932  -0.0723   1.0000   1.0000
  10.500   0.6207   0.13627   0.11537  -0.0744   1.0000   1.0000
  11.000   0.6413   0.14224   0.12152  -0.0766   1.0000   1.0000
  11.500   0.6617   0.14832   0.12782  -0.0789   1.0000   1.0000
  12.000   0.6818   0.15451   0.13431  -0.0814   1.0000   1.0000
