  
       XFOIL         Version 6.99
  
 Calculated polar for: r04000                                          
  
 1 1 Reynolds number fixed          Mach number fixed         
  
 xtrf =   1.000 (top)        1.000 (bottom)  
 Mach =   0.000     Re =     0.015 e 6     Ncrit =   9.000
  
   alpha    CL        CD       CDp       CM     Top_Xtr  Bot_Xtr
  ------ -------- --------- --------- -------- -------- --------
  -8.000  -0.0809   0.08163   0.06892  -0.0182   1.0000   1.0000
  -7.500  -0.0613   0.07662   0.06404  -0.0201   1.0000   1.0000
  -7.000  -0.0419   0.07183   0.05939  -0.0219   1.0000   1.0000
  -6.500  -0.0419   0.06916   0.05694  -0.0190   1.0000   0.9873
  -6.000  -0.1215   0.07359   0.06194  -0.0003   1.0000   0.8901
  -5.500  -0.1774   0.07455   0.06344   0.0089   1.0000   0.7966
  -5.000  -0.2281   0.07409   0.06357   0.0152   1.0000   0.7229
  -4.500  -0.2758   0.07250   0.06260   0.0204   1.0000   0.6661
  -4.000  -0.3043   0.06931   0.05985   0.0198   1.0000   0.6098
  -3.500  -0.3085   0.06478   0.05550   0.0122   1.0000   0.5525
  -3.000  -0.2640   0.05850   0.04891  -0.0043   1.0000   0.4899
  -2.500  -0.1817   0.05204   0.04156  -0.0238   1.0000   0.4342
  -2.000  -0.1031   0.04707   0.03559  -0.0351   1.0000   0.4105
  -1.500  -0.0254   0.04352   0.03087  -0.0434   1.0000   0.3968
  -1.000   0.0427   0.04107   0.02751  -0.0478   1.0000   0.4060
  -0.500   0.1032   0.03943   0.02539  -0.0502   1.0000   0.4301
   0.000   0.1547   0.03805   0.02444  -0.0510   1.0000   0.4908
   0.500   0.1763   0.03680   0.02470  -0.0476   1.0000   1.0000
   1.000   0.2177   0.03958   0.02602  -0.0489   1.0000   1.0000
   1.500   0.2460   0.04297   0.02844  -0.0497   1.0000   1.0000
   2.000   0.2689   0.04693   0.03164  -0.0510   1.0000   1.0000
   2.500   0.2907   0.05121   0.03526  -0.0527   1.0000   1.0000
   3.000   0.3130   0.05559   0.03904  -0.0545   1.0000   1.0000
   3.500   0.3362   0.06002   0.04291  -0.0563   1.0000   1.0000
   4.000   0.3600   0.06449   0.04693  -0.0581   1.0000   1.0000
   4.500   0.3841   0.06904   0.05111  -0.0598   1.0000   1.0000
   5.000   0.4083   0.07367   0.05544  -0.0614   1.0000   1.0000
   5.500   0.4324   0.07843   0.05994  -0.0630   1.0000   1.0000
   6.000   0.4562   0.08330   0.06464  -0.0646   1.0000   1.0000
   6.500   0.4797   0.08830   0.06952  -0.0662   1.0000   1.0000
   7.000   0.5029   0.09344   0.07458  -0.0678   1.0000   1.0000
   7.500   0.5256   0.09873   0.07983  -0.0694   1.0000   1.0000
   8.000   0.5479   0.10415   0.08528  -0.0711   1.0000   1.0000
   8.500   0.5697   0.10970   0.09089  -0.0729   1.0000   1.0000
   9.000   0.5911   0.11540   0.09667  -0.0747   1.0000   1.0000
   9.500   0.6121   0.12123   0.10267  -0.0765   1.0000   1.0000
  10.000   0.6328   0.12719   0.10878  -0.0785   1.0000   1.0000
  10.500   0.6530   0.13328   0.11505  -0.0806   1.0000   1.0000
  11.000   0.6729   0.13950   0.12148  -0.0828   1.0000   1.0000
  11.500   0.6926   0.14586   0.12814  -0.0852   1.0000   1.0000
  12.000   0.7120   0.15236   0.13491  -0.0877   1.0000   1.0000
