  
       XFOIL         Version 6.99
  
 Calculated polar for: r04885                                          
  
 1 1 Reynolds number fixed          Mach number fixed         
  
 xtrf =   1.000 (top)        1.000 (bottom)  
 Mach =   0.000     Re =     0.111 e 6     Ncrit =   9.000
  
   alpha    CL        CD       CDp       CM     Top_Xtr  Bot_Xtr
  ------ -------- --------- --------- -------- -------- --------
  -8.000  -0.2435   0.08859   0.08460  -0.0284   1.0000   0.0579
  -7.500  -0.2756   0.08663   0.08284  -0.0254   1.0000   0.0583
  -7.000  -0.3061   0.08435   0.08072  -0.0244   1.0000   0.0586
  -6.500  -0.3245   0.08129   0.07765  -0.0258   1.0000   0.0589
  -6.000  -0.3315   0.07860   0.07461  -0.0296   1.0000   0.0599
  -5.500  -0.3296   0.07296   0.06910  -0.0244   1.0000   0.0627
  -5.000  -0.3177   0.06794   0.06407  -0.0249   1.0000   0.0671
  -4.500  -0.2673   0.06273   0.05830  -0.0350   0.9972   0.0729
  -4.000  -0.1858   0.05268   0.04822  -0.0459   0.9816   0.0816
  -3.500  -0.0629   0.04534   0.03996  -0.0630   0.9598   0.1022
  -3.000   0.0250   0.03732   0.03174  -0.0722   0.9436   0.1209
  -2.500   0.1062   0.03206   0.02600  -0.0788   0.9256   0.1616
  -2.000   0.1816   0.02654   0.02029  -0.0840   0.9070   0.2373
  -1.500   0.2706   0.02333   0.01621  -0.0869   0.8860   0.2123
  -1.000   0.3526   0.02084   0.01270  -0.0854   0.8584   0.1081
  -0.500   0.4166   0.01880   0.01016  -0.0841   0.8230   0.1156
   0.000   0.4720   0.01677   0.00807  -0.0820   0.7762   0.1326
   0.500   0.5224   0.01547   0.00665  -0.0791   0.7142   0.1593
   1.000   0.5699   0.01406   0.00555  -0.0766   0.6281   0.4197
   1.500   0.6206   0.01361   0.00532  -0.0736   0.5285   1.0000
   2.000   0.6686   0.01470   0.00559  -0.0718   0.4673   1.0000
   2.500   0.7197   0.01570   0.00610  -0.0709   0.4338   1.0000
   3.000   0.7720   0.01664   0.00673  -0.0703   0.4115   1.0000
   3.500   0.8252   0.01763   0.00749  -0.0699   0.3961   1.0000
   4.000   0.8787   0.01868   0.00843  -0.0697   0.3843   1.0000
   4.500   0.9323   0.01980   0.00940  -0.0695   0.3740   1.0000
   5.000   0.9847   0.02093   0.01064  -0.0692   0.3651   1.0000
   5.500   1.0375   0.02225   0.01201  -0.0691   0.3575   1.0000
   6.000   1.0884   0.02356   0.01350  -0.0687   0.3495   1.0000
   6.500   1.1400   0.02518   0.01524  -0.0685   0.3434   1.0000
   7.000   1.1877   0.02678   0.01719  -0.0677   0.3357   1.0000
   7.500   1.2391   0.02867   0.01918  -0.0676   0.3298   1.0000
   8.000   1.2800   0.03079   0.02189  -0.0661   0.3223   1.0000
   8.500   1.3287   0.03278   0.02408  -0.0656   0.3157   1.0000
   9.000   1.3626   0.03571   0.02766  -0.0635   0.3080   1.0000
   9.500   1.4108   0.03767   0.02980  -0.0630   0.3001   1.0000
  10.000   1.4393   0.04025   0.03298  -0.0602   0.2886   1.0000
  10.500   1.4896   0.03849   0.03112  -0.0587   0.2658   1.0000
  11.000   1.5263   0.03813   0.03101  -0.0560   0.2474   1.0000
  11.500   1.5614   0.03696   0.03005  -0.0528   0.2277   1.0000
