  
       XFOIL         Version 6.99
  
 Calculated polar for: r09361                                          
  
 1 1 Reynolds number fixed          Mach number fixed         
  
 xtrf =   1.000 (top)        1.000 (bottom)  
 Mach =   0.000     Re =     0.208 e 6     Ncrit =   9.000
  
   alpha    CL        CD       CDp       CM     Top_Xtr  Bot_Xtr
  ------ -------- --------- --------- -------- -------- --------
  -8.000  -0.3801   0.07815   0.07503  -0.0281   1.0000   0.0387
  -7.500  -0.3855   0.06980   0.06664  -0.0340   1.0000   0.0388
  -7.000  -0.4276   0.07314   0.06957  -0.0360   1.0000   0.0388
  -6.500  -0.4207   0.06343   0.06001  -0.0342   1.0000   0.0408
  -6.000  -0.4017   0.05784   0.05437  -0.0337   1.0000   0.0446
  -5.500  -0.3678   0.05347   0.04930  -0.0351   1.0000   0.0503
  -5.000  -0.3520   0.04394   0.03977  -0.0339   1.0000   0.0525
  -4.500  -0.3243   0.03924   0.03494  -0.0317   1.0000   0.0567
  -4.000  -0.2877   0.03410   0.02914  -0.0299   1.0000   0.0655
  -3.500  -0.2499   0.03090   0.02547  -0.0280   1.0000   0.0788
  -3.000  -0.1714   0.02553   0.01970  -0.0340   0.9923   0.0948
  -2.500  -0.0694   0.01657   0.00918  -0.0384   0.9838   0.0519
  -2.000   0.0177   0.01464   0.00706  -0.0443   0.9709   0.0636
  -1.500   0.0975   0.01270   0.00525  -0.0491   0.9576   0.0851
  -1.000   0.1685   0.01146   0.00416  -0.0518   0.9375   0.1274
   0.500   0.3557   0.00803   0.00276  -0.0526   0.8287   1.0000
   1.000   0.4054   0.00817   0.00257  -0.0505   0.7688   1.0000
   1.500   0.4543   0.00849   0.00248  -0.0483   0.6929   1.0000
   2.000   0.5022   0.00903   0.00253  -0.0463   0.6013   1.0000
   2.500   0.5493   0.00980   0.00274  -0.0444   0.5002   1.0000
   3.000   0.5979   0.01065   0.00312  -0.0431   0.4275   1.0000
   3.500   0.6484   0.01143   0.00361  -0.0422   0.3881   1.0000
   4.000   0.7001   0.01213   0.00417  -0.0415   0.3637   1.0000
   4.500   0.7523   0.01288   0.00484  -0.0410   0.3460   1.0000
   5.000   0.8049   0.01360   0.00556  -0.0405   0.3309   1.0000
   5.500   0.8574   0.01436   0.00639  -0.0400   0.3170   1.0000
   6.000   0.9090   0.01500   0.00718  -0.0395   0.2998   1.0000
   6.500   0.9585   0.01552   0.00771  -0.0386   0.2746   1.0000
   7.000   1.0081   0.01587   0.00834  -0.0377   0.2502   1.0000
   7.500   1.0568   0.01621   0.00885  -0.0368   0.2179   1.0000
   8.000   1.0941   0.01833   0.01030  -0.0348   0.0752   1.0000
   8.500   1.1260   0.02146   0.01345  -0.0316   0.0455   1.0000
   9.000   1.1558   0.02448   0.01663  -0.0282   0.0365   1.0000
   9.500   1.1848   0.02759   0.01986  -0.0250   0.0316   1.0000
  10.000   1.2124   0.03149   0.02405  -0.0216   0.0279   1.0000
  10.500   1.2412   0.03544   0.02836  -0.0186   0.0258   1.0000
  11.000   1.2633   0.04008   0.03340  -0.0153   0.0244   1.0000
  11.500   1.2744   0.04584   0.03947  -0.0118   0.0228   1.0000
  12.000   1.2552   0.05426   0.04850  -0.0068   0.0221   1.0000
