  
       XFOIL         Version 6.99
  
 Calculated polar for: r09733                                          
  
 1 1 Reynolds number fixed          Mach number fixed         
  
 xtrf =   1.000 (top)        1.000 (bottom)  
 Mach =   0.000     Re =     0.042 e 6     Ncrit =   9.000
  
   alpha    CL        CD       CDp       CM     Top_Xtr  Bot_Xtr
  ------ -------- --------- --------- -------- -------- --------
  -8.000  -0.5094   0.10227   0.09497   0.0147   1.0000   0.3225
  -7.500  -0.5060   0.09678   0.08961   0.0171   1.0000   0.3734
  -7.000  -0.4851   0.09008   0.08299   0.0224   1.0000   0.4458
  -6.500  -0.4364   0.08208   0.07492   0.0310   1.0000   0.5752
  -4.500  -0.3829   0.04416   0.03569  -0.0283   1.0000   0.2135
  -4.000  -0.3255   0.03701   0.02721  -0.0298   1.0000   0.1704
  -3.500  -0.2740   0.03187   0.02118  -0.0287   1.0000   0.1691
  -3.000  -0.2202   0.02771   0.01617  -0.0272   1.0000   0.1762
  -2.500  -0.1645   0.02426   0.01228  -0.0256   1.0000   0.1998
  -2.000  -0.1106   0.02108   0.00930  -0.0240   1.0000   0.2616
  -1.500  -0.0408   0.01685   0.00722  -0.0224   1.0000   1.0000
  -1.000  -0.0005   0.01697   0.00658  -0.0200   1.0000   1.0000
  -0.500   0.0404   0.01721   0.00631  -0.0181   1.0000   1.0000
   0.000   0.0816   0.01761   0.00637  -0.0165   1.0000   1.0000
   0.500   0.1222   0.01818   0.00671  -0.0154   1.0000   1.0000
   1.000   0.1616   0.01901   0.00741  -0.0147   1.0000   1.0000
   1.500   0.1986   0.02021   0.00857  -0.0145   1.0000   1.0000
   2.000   0.2312   0.02202   0.01042  -0.0153   1.0000   1.0000
   2.500   0.4112   0.02402   0.01287  -0.0415   0.9123   1.0000
   3.000   0.5415   0.02363   0.01298  -0.0514   0.8146   1.0000
   3.500   0.6075   0.02382   0.01329  -0.0488   0.7307   1.0000
   4.000   0.6596   0.02488   0.01435  -0.0455   0.6649   1.0000
   4.500   0.7092   0.02646   0.01608  -0.0429   0.6130   1.0000
   5.000   0.7574   0.02842   0.01824  -0.0406   0.5690   1.0000
   5.500   0.8036   0.03063   0.02080  -0.0383   0.5262   1.0000
   6.000   0.8467   0.03285   0.02336  -0.0350   0.4769   1.0000
   6.500   0.8879   0.03372   0.02435  -0.0293   0.4044   1.0000
   7.000   0.9214   0.03427   0.02447  -0.0218   0.2876   1.0000
   7.500   0.9517   0.03755   0.02734  -0.0161   0.1879   1.0000
   8.000   0.9873   0.04259   0.03268  -0.0129   0.1484   1.0000
   8.500   1.0209   0.04895   0.03931  -0.0104   0.1282   1.0000
   9.000   1.0224   0.05941   0.05110  -0.0080   0.1245   1.0000
   9.500   1.0022   0.07115   0.06358  -0.0075   0.1257   1.0000
  10.000   0.9729   0.08296   0.07567  -0.0089   0.1280   1.0000
  10.500   0.6991   0.10863   0.10124  -0.0239   0.1899   1.0000
  11.000   0.6885   0.12016   0.11277  -0.0268   0.1966   1.0000
  11.500   0.8044   0.14963   0.14181  -0.0607   0.2939   1.0000
  12.000   0.8129   0.15859   0.15078  -0.0621   0.2800   1.0000
