  
       XFOIL         Version 6.99
  
 Calculated polar for: r09913                                          
  
 1 1 Reynolds number fixed          Mach number fixed         
  
 xtrf =   1.000 (top)        1.000 (bottom)  
 Mach =   0.000     Re =     0.035 e 6     Ncrit =   9.000
  
   alpha    CL        CD       CDp       CM     Top_Xtr  Bot_Xtr
  ------ -------- --------- --------- -------- -------- --------
  -8.000  -0.5095   0.10328   0.09523   0.0334   1.0000   0.4891
  -7.500  -0.4795   0.09547   0.08741   0.0376   1.0000   0.5760
  -7.000  -0.4273   0.08601   0.07790   0.0410   1.0000   0.7036
  -5.000  -0.4540   0.04972   0.04084  -0.0236   1.0000   0.2222
  -4.500  -0.4020   0.04134   0.03139  -0.0263   1.0000   0.1897
  -4.000  -0.3498   0.03514   0.02410  -0.0262   1.0000   0.1850
  -3.500  -0.2946   0.03027   0.01827  -0.0250   1.0000   0.1926
  -3.000  -0.2365   0.02623   0.01361  -0.0237   1.0000   0.2240
  -2.500  -0.1823   0.02237   0.01015  -0.0218   1.0000   0.3021
  -2.000  -0.0919   0.01797   0.00738  -0.0223   1.0000   1.0000
  -1.500  -0.0541   0.01787   0.00652  -0.0194   1.0000   1.0000
  -1.000  -0.0147   0.01787   0.00596  -0.0170   1.0000   1.0000
  -0.500   0.0256   0.01799   0.00569  -0.0149   1.0000   1.0000
   0.000   0.0664   0.01824   0.00564  -0.0130   1.0000   1.0000
   0.500   0.1074   0.01863   0.00586  -0.0115   1.0000   1.0000
   1.000   0.1476   0.01920   0.00635  -0.0103   1.0000   1.0000
   1.500   0.1864   0.02003   0.00719  -0.0095   1.0000   1.0000
   2.000   0.2225   0.02124   0.00849  -0.0092   1.0000   1.0000
   2.500   0.2541   0.02310   0.01051  -0.0100   1.0000   1.0000
   3.000   0.3742   0.02645   0.01444  -0.0291   0.9444   1.0000
   3.500   0.5456   0.02737   0.01635  -0.0483   0.8212   1.0000
   4.000   0.6222   0.02795   0.01733  -0.0473   0.7347   1.0000
   4.500   0.6758   0.02928   0.01898  -0.0435   0.6659   1.0000
   5.000   0.7234   0.03098   0.02099  -0.0391   0.6026   1.0000
   5.500   0.7670   0.03247   0.02275  -0.0330   0.5301   1.0000
   6.000   0.8034   0.03316   0.02331  -0.0238   0.4199   1.0000
   6.500   0.8336   0.03564   0.02491  -0.0148   0.2691   1.0000
   7.000   0.8703   0.04098   0.03041  -0.0108   0.1968   1.0000
   7.500   0.9040   0.04751   0.03754  -0.0082   0.1651   1.0000
   8.000   0.9231   0.05709   0.04804  -0.0068   0.1557   1.0000
   8.500   0.9174   0.06848   0.06022  -0.0075   0.1530   1.0000
   9.000   0.8936   0.08146   0.07354  -0.0112   0.1575   1.0000
  10.000   0.7623   0.12939   0.12097  -0.0594   0.3847   1.0000
  10.500   0.7536   0.13623   0.12774  -0.0602   0.3665   1.0000
  11.000   0.7589   0.14459   0.13609  -0.0614   0.3525   1.0000
  11.500   0.7650   0.15240   0.14389  -0.0624   0.3339   1.0000
