r04000
1.000000 0.000884
0.999856 0.000936
0.999124 0.001093
0.997906 0.001353
0.996201 0.001717
0.994011 0.002183
0.991340 0.002749
0.988188 0.003415
0.984560 0.004179
0.980458 0.005037
0.975886 0.005989
0.970849 0.007031
0.965351 0.008161
0.959397 0.009375
0.952993 0.010671
0.946145 0.012044
0.938860 0.013492
0.931143 0.015011
0.923003 0.016596
0.914448 0.018244
0.905484 0.019951
0.896121 0.021712
0.886368 0.023523
0.876234 0.025380
0.865729 0.027278
0.854862 0.029213
0.843644 0.031180
0.832087 0.033174
0.820200 0.035192
0.807995 0.037228
0.795485 0.039277
0.782681 0.041336
0.769596 0.043400
0.756242 0.045463
0.742632 0.047522
0.728780 0.049571
0.714699 0.051608
0.700403 0.053626
0.685906 0.055621
0.671222 0.057590
0.656365 0.059528
0.641350 0.061430
0.626191 0.063293
0.610905 0.065113
0.595505 0.066884
0.580007 0.068604
0.564426 0.070269
0.548779 0.071874
0.533079 0.073417
0.517343 0.074893
0.501587 0.076299
0.485826 0.077633
0.470076 0.078890
0.454353 0.080068
0.438672 0.081164
0.423050 0.082175
0.407501 0.083099
0.392042 0.083934
0.376689 0.084677
0.361455 0.085328
0.346358 0.085884
0.331412 0.086343
0.316633 0.086706
0.302035 0.086971
0.287633 0.087137
0.273442 0.087205
0.259476 0.087174
0.245749 0.087045
0.232276 0.086818
0.219069 0.086495
0.206143 0.086075
0.192958 0.085513
0.179608 0.084549
0.166641 0.083168
0.154076 0.081402
0.141931 0.079285
0.130220 0.076849
0.118959 0.074128
0.108161 0.071156
0.097837 0.067965
0.087998 0.064589
0.078652 0.061062
0.069807 0.057414
0.061471 0.053678
0.053648 0.049883
0.046345 0.046058
0.039563 0.042230
0.033308 0.038427
0.027580 0.034673
0.022382 0.030991
0.017714 0.027401
0.013577 0.023925
0.009970 0.020580
0.006893 0.017381
0.004344 0.014343
0.002321 0.011476
0.000822 0.008792
-0.000156 0.006298
-0.000616 0.003999
-0.000563 0.001900
0.000000 0.000000
0.001056 -0.001676
0.002589 -0.003107
0.004594 -0.004298
0.007063 -0.005253
0.009991 -0.005982
0.013369 -0.006491
0.017191 -0.006793
0.021447 -0.006898
0.026130 -0.006820
0.031230 -0.006574
0.036738 -0.006173
0.042644 -0.005636
0.048938 -0.004980
0.055610 -0.004222
0.062649 -0.003384
0.070045 -0.002484
0.077787 -0.001543
0.085865 -0.000582
0.094268 0.000377
0.102985 0.001313
0.112008 0.002204
0.121326 0.003027
0.130929 0.003761
0.140811 0.004383
0.150963 0.004871
0.161377 0.005204
0.172047 0.005359
0.182968 0.005314
0.194135 0.005049
0.206072 0.004576
0.218848 0.004111
0.231898 0.003692
0.245210 0.003318
0.258771 0.002987
0.272568 0.002696
0.286588 0.002444
0.300817 0.002228
0.315243 0.002046
0.329850 0.001896
0.344625 0.001774
0.359554 0.001679
0.374622 0.001608
0.389814 0.001559
0.405117 0.001528
0.420516 0.001514
0.435995 0.001514
0.451539 0.001526
0.467133 0.001547
0.482763 0.001575
0.498413 0.001608
0.514068 0.001645
0.529712 0.001683
0.545330 0.001721
0.560907 0.001757
0.576427 0.001789
0.591876 0.001817
0.607238 0.001840
0.622498 0.001856
0.637641 0.001865
0.652652 0.001867
0.667516 0.001860
0.682219 0.001844
0.696745 0.001820
0.711080 0.001787
0.725210 0.001745
0.739121 0.001695
0.752799 0.001637
0.766231 0.001571
0.779402 0.001498
0.792300 0.001418
0.804912 0.001332
0.817224 0.001240
0.829225 0.001144
0.840903 0.001043
0.852245 0.000940
0.863240 0.000834
0.873877 0.000726
0.884145 0.000617
0.894034 0.000508
0.903533 0.000399
0.912633 0.000292
0.921325 0.000186
0.929599 0.000083
0.937447 -0.000017
0.944861 -0.000114
0.951834 -0.000207
0.958358 -0.000295
0.964426 -0.000378
0.970032 -0.000455
0.975170 -0.000528
0.979836 -0.000594
0.984023 -0.000653
0.987728 -0.000707
0.990947 -0.000753
0.993677 -0.000793
0.995914 -0.000826
0.997656 -0.000851
0.998902 -0.000869
0.999650 -0.000880
1.000000 -0.000884
