  
       XFOIL         Version 6.99
  
 Calculated polar for: r02000                                          
  
 1 1 Reynolds number fixed          Mach number fixed         
  
 xtrf =   1.000 (top)        1.000 (bottom)  
 Mach =   0.000     Re =     0.052 e 6     Ncrit =   9.000
  
   alpha    CL        CD       CDp       CM     Top_Xtr  Bot_Xtr
  ------ -------- --------- --------- -------- -------- --------
  -8.000  -0.7664   0.04623   0.03710  -0.0215   1.0000   0.1659
  -7.500  -0.7520   0.04068   0.03068  -0.0166   1.0000   0.1740
  -7.000  -0.7199   0.03631   0.02603  -0.0133   1.0000   0.1878
  -6.500  -0.6855   0.03256   0.02187  -0.0099   1.0000   0.2068
  -6.000  -0.6453   0.02946   0.01886  -0.0071   1.0000   0.2335
  -5.500  -0.6061   0.02687   0.01625  -0.0040   1.0000   0.2735
  -5.000  -0.5674   0.02463   0.01454  -0.0006   1.0000   0.3356
  -4.500  -0.5348   0.02273   0.01347   0.0044   1.0000   0.4494
  -4.000  -0.5062   0.02195   0.01351   0.0120   1.0000   0.5943
  -3.500  -0.4748   0.02214   0.01401   0.0201   1.0000   0.6990
  -3.000  -0.4402   0.02268   0.01463   0.0278   1.0000   0.7832
  -2.500  -0.3767   0.02392   0.01574   0.0310   1.0000   0.8608
  -2.000  -0.1852   0.02574   0.01699   0.0102   1.0000   0.9403
  -1.500  -0.0050   0.02468   0.01554  -0.0157   1.0000   0.9935
  -1.000  -0.0113   0.02399   0.01484  -0.0119   1.0000   1.0000
  -0.500  -0.0578   0.02371   0.01455  -0.0014   1.0000   1.0000
   0.000  -0.0851   0.02388   0.01462   0.0069   1.0000   1.0000
   0.500   0.0417   0.02536   0.01598  -0.0103   0.9619   1.0000
   1.000   0.1828   0.02604   0.01667  -0.0276   0.9136   1.0000
   1.500   0.3244   0.02558   0.01635  -0.0424   0.8647   1.0000
   2.000   0.4191   0.02475   0.01561  -0.0471   0.8128   1.0000
   2.500   0.4804   0.02427   0.01513  -0.0454   0.7596   1.0000
   3.000   0.5287   0.02419   0.01497  -0.0415   0.7067   1.0000
   3.500   0.5728   0.02449   0.01514  -0.0373   0.6559   1.0000
   4.000   0.6171   0.02502   0.01550  -0.0334   0.6090   1.0000
   4.500   0.6557   0.02613   0.01657  -0.0295   0.5633   1.0000
   5.000   0.6988   0.02714   0.01745  -0.0260   0.5228   1.0000
   5.500   0.7391   0.02847   0.01874  -0.0225   0.4837   1.0000
   6.000   0.7770   0.03000   0.02030  -0.0189   0.4448   1.0000
   6.500   0.8163   0.03152   0.02182  -0.0153   0.4060   1.0000
   7.000   0.8578   0.03299   0.02317  -0.0120   0.3673   1.0000
   7.500   0.8940   0.03498   0.02520  -0.0084   0.3284   1.0000
   8.000   0.9266   0.03737   0.02770  -0.0046   0.2908   1.0000
   8.500   0.9583   0.04013   0.03055  -0.0009   0.2570   1.0000
   9.000   0.9894   0.04327   0.03376   0.0026   0.2285   1.0000
   9.500   1.0065   0.04762   0.03850   0.0068   0.2062   1.0000
  10.000   1.0178   0.05265   0.04388   0.0109   0.1894   1.0000
  10.500   0.9992   0.06009   0.05182   0.0156   0.1800   1.0000
  11.000   0.8697   0.07779   0.07001   0.0162   0.1878   1.0000
