  
       XFOIL         Version 6.99
  
 Calculated polar for: r03000                                          
  
 1 1 Reynolds number fixed          Mach number fixed         
  
 xtrf =   1.000 (top)        1.000 (bottom)  
 Mach =   0.000     Re =     0.072 e 6     Ncrit =   9.000
  
   alpha    CL        CD       CDp       CM     Top_Xtr  Bot_Xtr
  ------ -------- --------- --------- -------- -------- --------
  -8.000  -0.3419   0.09626   0.09097  -0.0286   1.0000   0.1279
  -7.500  -0.4010   0.09412   0.08902  -0.0308   1.0000   0.1297
  -6.500  -0.4036   0.08244   0.07760  -0.0225   1.0000   0.1431
  -6.000  -0.4105   0.07668   0.07192  -0.0207   1.0000   0.1497
  -5.500  -0.4122   0.07110   0.06622  -0.0224   1.0000   0.1626
  -5.000  -0.4022   0.06564   0.06069  -0.0220   1.0000   0.1781
  -4.500  -0.3864   0.06061   0.05567  -0.0207   1.0000   0.1976
  -2.500   0.0134   0.03497   0.02641  -0.0646   0.9150   0.1559
  -2.000   0.1134   0.03121   0.02188  -0.0703   0.8870   0.1520
  -1.500   0.2162   0.02798   0.01818  -0.0761   0.8642   0.1629
  -1.000   0.2958   0.02512   0.01547  -0.0778   0.8366   0.1850
  -0.500   0.3727   0.02243   0.01293  -0.0787   0.8081   0.2269
   0.000   0.4667   0.01869   0.01133  -0.0810   0.7704   1.0000
   0.500   0.5248   0.01814   0.01012  -0.0785   0.7209   1.0000
   1.000   0.5773   0.01803   0.00938  -0.0757   0.6622   1.0000
   1.500   0.6256   0.01850   0.00921  -0.0728   0.5993   1.0000
   2.000   0.6739   0.01934   0.00944  -0.0706   0.5467   1.0000
   2.500   0.7240   0.02039   0.01000  -0.0692   0.5095   1.0000
   3.000   0.7736   0.02163   0.01096  -0.0681   0.4824   1.0000
   3.500   0.8242   0.02290   0.01200  -0.0672   0.4617   1.0000
   4.000   0.8743   0.02434   0.01336  -0.0665   0.4458   1.0000
   4.500   0.9232   0.02594   0.01493  -0.0657   0.4326   1.0000
   5.000   0.9734   0.02757   0.01651  -0.0651   0.4213   1.0000
   5.500   1.0181   0.02955   0.01868  -0.0640   0.4112   1.0000
   6.000   1.0615   0.03177   0.02107  -0.0628   0.4020   1.0000
   6.500   1.1042   0.03410   0.02359  -0.0616   0.3935   1.0000
   7.000   1.1389   0.03716   0.02698  -0.0598   0.3858   1.0000
   7.500   1.1706   0.04040   0.03054  -0.0577   0.3777   1.0000
   8.000   1.1995   0.04424   0.03467  -0.0557   0.3709   1.0000
   8.500   1.1802   0.05152   0.04254  -0.0504   0.3633   1.0000
   9.000   1.2405   0.05333   0.04435  -0.0508   0.3566   1.0000
  11.000   0.7906   0.13966   0.13141  -0.0694   0.4037   1.0000
  11.500   0.8372   0.14666   0.13856  -0.0698   0.3904   1.0000
  12.000   0.8441   0.15213   0.14410  -0.0701   0.3741   1.0000
