  
       XFOIL         Version 6.99
  
 Calculated polar for: r03500                                          
  
 1 1 Reynolds number fixed          Mach number fixed         
  
 xtrf =   1.000 (top)        1.000 (bottom)  
 Mach =   0.000     Re =     0.082 e 6     Ncrit =   9.000
  
   alpha    CL        CD       CDp       CM     Top_Xtr  Bot_Xtr
  ------ -------- --------- --------- -------- -------- --------
  -8.000  -0.3040   0.09831   0.09319  -0.0259   1.0000   0.0731
  -7.500  -0.3111   0.09404   0.08911  -0.0244   1.0000   0.0762
  -7.000  -0.3224   0.09015   0.08542  -0.0247   1.0000   0.0792
  -6.500  -0.3329   0.08800   0.08330  -0.0313   1.0000   0.0816
  -6.000  -0.3308   0.08086   0.07626  -0.0296   1.0000   0.0831
  -5.500  -0.3269   0.07478   0.07033  -0.0247   1.0000   0.0866
  -5.000  -0.3147   0.06974   0.06525  -0.0258   1.0000   0.0927
  -4.500  -0.2895   0.06421   0.05948  -0.0303   1.0000   0.0984
  -3.500  -0.2077   0.05453   0.04917  -0.0381   0.9955   0.1262
  -3.000  -0.0945   0.04439   0.03880  -0.0540   0.9716   0.1586
  -2.500   0.0008   0.03698   0.03118  -0.0652   0.9460   0.2599
  -2.000   0.0915   0.03137   0.02534  -0.0725   0.9238   0.3267
  -1.500   0.2256   0.02867   0.02069  -0.0814   0.9016   0.1656
  -1.000   0.3196   0.02522   0.01648  -0.0846   0.8770   0.1321
  -0.500   0.3987   0.02262   0.01339  -0.0856   0.8465   0.1396
   0.000   0.4654   0.01975   0.01061  -0.0845   0.8075   0.1611
   0.500   0.5212   0.01784   0.00855  -0.0816   0.7513   0.1973
   1.000   0.5786   0.01505   0.00732  -0.0786   0.6731   1.0000
   1.500   0.6274   0.01574   0.00689  -0.0754   0.5819   1.0000
   2.000   0.6766   0.01683   0.00714  -0.0735   0.5173   1.0000
   2.500   0.7282   0.01796   0.00766  -0.0725   0.4793   1.0000
   3.000   0.7807   0.01911   0.00850  -0.0719   0.4542   1.0000
   3.500   0.8339   0.02031   0.00942  -0.0715   0.4362   1.0000
   4.000   0.8865   0.02157   0.01058  -0.0712   0.4215   1.0000
   4.500   0.9386   0.02299   0.01203  -0.0709   0.4101   1.0000
   5.000   0.9902   0.02450   0.01356  -0.0706   0.3998   1.0000
   5.500   1.0409   0.02612   0.01531  -0.0702   0.3908   1.0000
   6.000   1.0885   0.02807   0.01753  -0.0696   0.3827   1.0000
   6.500   1.1375   0.02998   0.01961  -0.0690   0.3747   1.0000
   7.000   1.1793   0.03260   0.02268  -0.0680   0.3677   1.0000
   7.500   1.2240   0.03497   0.02534  -0.0671   0.3600   1.0000
   8.000   1.2579   0.03849   0.02937  -0.0655   0.3533   1.0000
   8.500   1.2912   0.04192   0.03326  -0.0638   0.3455   1.0000
   9.000   1.3147   0.04652   0.03835  -0.0616   0.3384   1.0000
   9.500   1.3214   0.05230   0.04468  -0.0584   0.3304   1.0000
  10.000   1.2881   0.06187   0.05474  -0.0542   0.3234   1.0000
  12.000   1.4117   0.06719   0.06109  -0.0424   0.2649   1.0000
