  
       XFOIL         Version 6.99
  
 Calculated polar for: r04000                                          
  
 1 1 Reynolds number fixed          Mach number fixed         
  
 xtrf =   1.000 (top)        1.000 (bottom)  
 Mach =   0.000     Re =     0.092 e 6     Ncrit =   9.000
  
   alpha    CL        CD       CDp       CM     Top_Xtr  Bot_Xtr
  ------ -------- --------- --------- -------- -------- --------
  -6.000  -0.3024   0.07258   0.06878  -0.0212   1.0000   0.0663
  -5.500  -0.3047   0.06661   0.06290  -0.0169   1.0000   0.0688
  -5.000  -0.3042   0.06156   0.05789  -0.0167   1.0000   0.0720
  -4.500  -0.2878   0.05724   0.05341  -0.0217   1.0000   0.0778
  -4.000  -0.2342   0.04748   0.04347  -0.0307   0.9907   0.0829
  -3.500  -0.1321   0.03652   0.03209  -0.0469   0.9685   0.1004
  -3.000  -0.0286   0.02714   0.02214  -0.0607   0.9455   0.1260
  -2.500   0.0573   0.01972   0.01429  -0.0695   0.9274   0.1700
  -1.500   0.2044   0.02612   0.01951  -0.0814   0.9171   0.2938
  -1.000   0.3182   0.02457   0.01633  -0.0842   0.8938   0.1209
  -0.500   0.3965   0.02127   0.01259  -0.0854   0.8635   0.1196
  -0.000   0.4635   0.01883   0.00990  -0.0845   0.8242   0.1353
   0.500   0.5171   0.01687   0.00793  -0.0814   0.7669   0.1630
   1.000   0.5691   0.01535   0.00631  -0.0786   0.6838   0.2464
