  
       XFOIL         Version 6.99
  
 Calculated polar for: r07443                                          
  
 1 1 Reynolds number fixed          Mach number fixed         
  
 xtrf =   1.000 (top)        1.000 (bottom)  
 Mach =   0.000     Re =     0.166 e 6     Ncrit =   9.000
  
   alpha    CL        CD       CDp       CM     Top_Xtr  Bot_Xtr
  ------ -------- --------- --------- -------- -------- --------
  -8.000  -0.3151   0.09497   0.09129  -0.0234   1.0000   0.0355
  -7.500  -0.3221   0.09095   0.08743  -0.0239   1.0000   0.0370
  -7.000  -0.3300   0.08753   0.08412  -0.0294   1.0000   0.0378
  -6.500  -0.3281   0.08345   0.08000  -0.0332   1.0000   0.0381
  -6.000  -0.3311   0.07545   0.07216  -0.0282   1.0000   0.0390
  -5.500  -0.3292   0.07047   0.06727  -0.0241   1.0000   0.0409
  -5.000  -0.2716   0.06270   0.05932  -0.0350   0.9933   0.0456
  -4.500  -0.1731   0.05232   0.04845  -0.0528   0.9788   0.0500
  -4.000  -0.0835   0.04466   0.04047  -0.0640   0.9636   0.0580
  -3.500  -0.0003   0.03747   0.03287  -0.0728   0.9498   0.0667
  -1.500   0.2937   0.02036   0.01342  -0.0839   0.8728   0.0907
  -1.000   0.3544   0.01684   0.00926  -0.0821   0.8397   0.0758
  -0.500   0.4085   0.01501   0.00722  -0.0803   0.7962   0.0848
   0.000   0.4607   0.01384   0.00578  -0.0783   0.7419   0.1000
   0.500   0.5104   0.01309   0.00477  -0.0761   0.6711   0.1229
   1.000   0.5572   0.01287   0.00410  -0.0737   0.5713   0.1620
   2.500   0.7032   0.01328   0.00456  -0.0691   0.3855   1.0000
   3.000   0.7555   0.01403   0.00505  -0.0685   0.3675   1.0000
   3.500   0.8084   0.01485   0.00564  -0.0681   0.3554   1.0000
   4.000   0.8617   0.01557   0.00631  -0.0678   0.3448   1.0000
   4.500   0.9150   0.01642   0.00710  -0.0675   0.3363   1.0000
   5.000   0.9685   0.01729   0.00795  -0.0673   0.3291   1.0000
   5.500   1.0215   0.01826   0.00898  -0.0671   0.3222   1.0000
   6.000   1.0744   0.01922   0.01006  -0.0669   0.3157   1.0000
   6.500   1.1275   0.02045   0.01133  -0.0668   0.3098   1.0000
   7.000   1.1782   0.02153   0.01273  -0.0663   0.3034   1.0000
   7.500   1.2305   0.02281   0.01408  -0.0662   0.2973   1.0000
   8.000   1.2791   0.02424   0.01593  -0.0655   0.2910   1.0000
   8.500   1.3285   0.02555   0.01750  -0.0650   0.2840   1.0000
   9.000   1.3738   0.02625   0.01845  -0.0637   0.2705   1.0000
   9.500   1.4175   0.02598   0.01813  -0.0620   0.2505   1.0000
  10.000   1.4556   0.02603   0.01854  -0.0596   0.2342   1.0000
  10.500   1.4883   0.02574   0.01869  -0.0561   0.2132   1.0000
  11.000   1.5054   0.02559   0.01854  -0.0507   0.1258   1.0000
  11.500   1.4731   0.03166   0.02402  -0.0411   0.0578   1.0000
  12.000   1.4522   0.03720   0.02978  -0.0352   0.0475   1.0000
