  
       XFOIL         Version 6.99
  
 Calculated polar for: r08721                                          
  
 1 1 Reynolds number fixed          Mach number fixed         
  
 xtrf =   1.000 (top)        1.000 (bottom)  
 Mach =   0.000     Re =     0.194 e 6     Ncrit =   9.000
  
   alpha    CL        CD       CDp       CM     Top_Xtr  Bot_Xtr
  ------ -------- --------- --------- -------- -------- --------
  -6.000  -0.3582   0.06599   0.06272  -0.0314   1.0000   0.0398
  -5.500  -0.3468   0.06061   0.05730  -0.0306   1.0000   0.0420
  -5.000  -0.3236   0.05510   0.05158  -0.0316   1.0000   0.0463
  -4.500  -0.2839   0.04759   0.04368  -0.0352   0.9979   0.0498
  -4.000  -0.1839   0.04349   0.03877  -0.0455   0.9861   0.0606
  -3.500  -0.1043   0.03315   0.02833  -0.0552   0.9734   0.0678
  -3.000  -0.0133   0.02935   0.02361  -0.0618   0.9597   0.0901
  -2.500   0.0691   0.02433   0.01787  -0.0653   0.9478   0.0747
  -2.000   0.1440   0.01742   0.01024  -0.0675   0.9342   0.0596
  -1.500   0.2125   0.01487   0.00749  -0.0690   0.9146   0.0693
  -1.000   0.2714   0.01327   0.00580  -0.0684   0.8856   0.0836
  -0.500   0.3255   0.01214   0.00461  -0.0669   0.8473   0.1053
  -0.000   0.3775   0.01128   0.00374  -0.0652   0.8010   0.1447
   0.500   0.4357   0.00870   0.00317  -0.0645   0.7449   1.0000
   1.000   0.4850   0.00904   0.00294  -0.0624   0.6711   1.0000
   1.500   0.5323   0.00963   0.00290  -0.0602   0.5750   1.0000
   2.000   0.5786   0.01050   0.00307  -0.0582   0.4733   1.0000
   2.500   0.6271   0.01139   0.00343  -0.0569   0.4124   1.0000
   3.000   0.6778   0.01217   0.00387  -0.0560   0.3810   1.0000
   3.500   0.7300   0.01287   0.00442  -0.0554   0.3618   1.0000
   4.000   0.7825   0.01359   0.00502  -0.0550   0.3474   1.0000
   4.500   0.8355   0.01437   0.00570  -0.0546   0.3365   1.0000
   5.000   0.8885   0.01506   0.00646  -0.0542   0.3262   1.0000
   5.500   0.9416   0.01592   0.00736  -0.0540   0.3179   1.0000
   6.000   0.9945   0.01675   0.00827  -0.0536   0.3091   1.0000
   6.500   1.0468   0.01768   0.00939  -0.0533   0.3008   1.0000
   7.000   1.0997   0.01877   0.01052  -0.0531   0.2923   1.0000
   7.500   1.1491   0.01941   0.01138  -0.0523   0.2790   1.0000
   8.000   1.1942   0.01961   0.01181  -0.0508   0.2573   1.0000
