  
       XFOIL         Version 6.99
  
 Calculated polar for: r09733                                          
  
 1 1 Reynolds number fixed          Mach number fixed         
  
 xtrf =   1.000 (top)        1.000 (bottom)  
 Mach =   0.000     Re =     0.216 e 6     Ncrit =   9.000
  
   alpha    CL        CD       CDp       CM     Top_Xtr  Bot_Xtr
  ------ -------- --------- --------- -------- -------- --------
  -8.000  -0.5304   0.08340   0.08015  -0.0189   1.0000   0.0365
  -7.500  -0.5161   0.07659   0.07336  -0.0188   1.0000   0.0381
  -7.000  -0.4988   0.06842   0.06511  -0.0242   1.0000   0.0403
  -6.500  -0.4755   0.05958   0.05606  -0.0301   1.0000   0.0442
  -6.000  -0.4501   0.04990   0.04572  -0.0336   1.0000   0.0480
  -5.500  -0.4233   0.04381   0.03965  -0.0323   1.0000   0.0510
  -5.000  -0.3892   0.03800   0.03311  -0.0307   1.0000   0.0612
  -4.500  -0.3556   0.03321   0.02827  -0.0289   1.0000   0.0676
  -4.000  -0.3175   0.02845   0.02300  -0.0266   1.0000   0.0781
  -3.500  -0.2758   0.02463   0.01867  -0.0243   1.0000   0.0912
  -3.000  -0.2130   0.01634   0.00884  -0.0209   1.0000   0.0465
  -2.500  -0.1631   0.01423   0.00664  -0.0199   1.0000   0.0558
  -2.000  -0.1125   0.01296   0.00536  -0.0191   1.0000   0.0702
  -1.500  -0.0240   0.01155   0.00410  -0.0262   0.9872   0.1140
  -1.000   0.0571   0.00823   0.00373  -0.0308   0.9831   1.0000
  -0.500   0.1464   0.00812   0.00335  -0.0378   0.9645   1.0000
   0.000   0.2264   0.00792   0.00299  -0.0424   0.9382   1.0000
   0.500   0.2900   0.00776   0.00269  -0.0432   0.8998   1.0000
   1.000   0.3419   0.00772   0.00247  -0.0413   0.8464   1.0000
   1.500   0.3911   0.00785   0.00235  -0.0390   0.7810   1.0000
   2.000   0.4394   0.00820   0.00234  -0.0367   0.6991   1.0000
   2.500   0.4872   0.00876   0.00246  -0.0346   0.6025   1.0000
   3.000   0.5348   0.00954   0.00273  -0.0328   0.5003   1.0000
   3.500   0.5837   0.01037   0.00319  -0.0316   0.4265   1.0000
   4.000   0.6344   0.01113   0.00373  -0.0307   0.3831   1.0000
   4.500   0.6858   0.01186   0.00437  -0.0300   0.3530   1.0000
   5.000   0.7371   0.01248   0.00497  -0.0293   0.3212   1.0000
   5.500   0.7882   0.01301   0.00558  -0.0286   0.2874   1.0000
   6.000   0.8387   0.01358   0.00618  -0.0278   0.2516   1.0000
   6.500   0.8891   0.01411   0.00676  -0.0271   0.1754   1.0000
   7.000   0.9243   0.01759   0.00940  -0.0246   0.0522   1.0000
   7.500   0.9639   0.02021   0.01219  -0.0223   0.0398   1.0000
   8.000   1.0032   0.02298   0.01506  -0.0200   0.0325   1.0000
   8.500   1.0430   0.02681   0.01921  -0.0176   0.0294   1.0000
   9.000   1.0827   0.02995   0.02272  -0.0156   0.0257   1.0000
   9.500   1.1162   0.03492   0.02812  -0.0131   0.0242   1.0000
  10.000   1.1382   0.04152   0.03543  -0.0098   0.0240   1.0000
  10.500   1.1404   0.04924   0.04406  -0.0054   0.0248   1.0000
  11.000   1.0898   0.05958   0.05539   0.0003   0.0270   1.0000
  11.500   1.0429   0.07028   0.06653  -0.0022   0.0282   1.0000
  12.000   0.9951   0.08582   0.08238  -0.0136   0.0294   1.0000
