  
       XFOIL         Version 6.99
  
 Calculated polar for: r09913                                          
  
 1 1 Reynolds number fixed          Mach number fixed         
  
 xtrf =   1.000 (top)        1.000 (bottom)  
 Mach =   0.000     Re =     0.220 e 6     Ncrit =   9.000
  
   alpha    CL        CD       CDp       CM     Top_Xtr  Bot_Xtr
  ------ -------- --------- --------- -------- -------- --------
  -6.000  -0.4855   0.04842   0.04449  -0.0292   1.0000   0.0491
  -5.500  -0.4531   0.04026   0.03560  -0.0293   1.0000   0.0561
  -5.000  -0.4179   0.03513   0.03029  -0.0278   1.0000   0.0615
  -4.500  -0.3693   0.01221   0.00632  -0.0221   1.0000   0.0428
  -4.000  -0.3280   0.00756   0.00103  -0.0195   1.0000   0.0396
  -3.500  -0.2825   0.00479  -0.00233  -0.0171   1.0000   0.0427
  -3.000  -0.2365   0.00300  -0.00423  -0.0154   1.0000   0.0497
  -2.500  -0.1898   0.00203  -0.00523  -0.0140   1.0000   0.0623
  -2.000  -0.1418   0.00147  -0.00573  -0.0132   1.0000   0.0862
  -1.500  -0.0794   0.00083  -0.00481  -0.0163   0.9970   0.4858
  -1.000   0.0074   0.00066  -0.00369  -0.0209   0.9891   1.0000
  -0.500   0.0992   0.00066  -0.00393  -0.0288   0.9728   1.0000
  -0.000   0.1812   0.00066  -0.00406  -0.0343   0.9490   1.0000
   0.500   0.2489   0.00067  -0.00415  -0.0363   0.9130   1.0000
   1.000   0.3000   0.00070  -0.00425  -0.0346   0.8613   1.0000
   1.500   0.3474   0.00075  -0.00440  -0.0320   0.7973   1.0000
   2.000   0.3942   0.00085  -0.00460  -0.0296   0.7189   1.0000
   2.500   0.4404   0.00100  -0.00482  -0.0273   0.6260   1.0000
   3.000   0.4864   0.00122  -0.00503  -0.0253   0.5240   1.0000
   3.500   0.5331   0.00150  -0.00510  -0.0238   0.4396   1.0000
   4.000   0.5813   0.00180  -0.00502  -0.0226   0.3833   1.0000
   4.500   0.6300   0.00208  -0.00482  -0.0216   0.3343   1.0000
   5.000   0.6788   0.00237  -0.00457  -0.0207   0.2900   1.0000
   5.500   0.7274   0.00266  -0.00426  -0.0198   0.2362   1.0000
   6.000   0.7666   0.00400  -0.00375  -0.0179   0.0711   1.0000
   6.500   0.8046   0.00596  -0.00180  -0.0155   0.0443   1.0000
   7.000   0.8463   0.00779   0.00019  -0.0134   0.0358   1.0000
   7.500   0.8861   0.01111   0.00375  -0.0110   0.0311   1.0000
   8.000   0.9270   0.01457   0.00760  -0.0088   0.0279   1.0000
