  
       XFOIL         Version 6.99
  
 Calculated polar for: r10000                                          
  
 1 1 Reynolds number fixed          Mach number fixed         
  
 xtrf =   1.000 (top)        1.000 (bottom)  
 Mach =   0.000     Re =     0.222 e 6     Ncrit =   9.000
  
   alpha    CL        CD       CDp       CM     Top_Xtr  Bot_Xtr
  ------ -------- --------- --------- -------- -------- --------
  -8.000  -0.4803   0.07287   0.06981  -0.0094   1.0000   0.0402
  -7.500  -0.4952   0.06321   0.06021  -0.0159   1.0000   0.0414
  -7.000  -0.4994   0.05183   0.04869  -0.0241   1.0000   0.0438
  -6.500  -0.5248   0.05617   0.05205  -0.0271   1.0000   0.0464
  -6.000  -0.5048   0.04608   0.04198  -0.0276   1.0000   0.0502
  -5.500  -0.4629   0.04324   0.03818  -0.0262   1.0000   0.0593
  -5.000  -0.4335   0.03356   0.02854  -0.0259   1.0000   0.0645
  -4.500  -0.3934   0.02852   0.02287  -0.0238   1.0000   0.0763
  -4.000  -0.3403   0.01787   0.01057  -0.0191   1.0000   0.0389
  -3.500  -0.2915   0.01554   0.00793  -0.0172   1.0000   0.0443
  -3.000  -0.2434   0.01338   0.00567  -0.0155   1.0000   0.0531
  -2.500  -0.1950   0.01208   0.00436  -0.0140   1.0000   0.0709
  -2.000  -0.1455   0.01083   0.00333  -0.0131   1.0000   0.1202
  -1.500  -0.1048   0.00764   0.00311  -0.0101   1.0000   0.8499
  -1.000  -0.0289   0.00763   0.00299  -0.0138   1.0000   1.0000
  -0.500   0.0298   0.00779   0.00296  -0.0152   0.9954   1.0000
   0.000   0.1222   0.00781   0.00285  -0.0232   0.9775   1.0000
   0.500   0.2125   0.00768   0.00268  -0.0303   0.9551   1.0000
   1.000   0.2829   0.00753   0.00250  -0.0327   0.9149   1.0000
   1.500   0.3370   0.00748   0.00236  -0.0312   0.8571   1.0000
   2.000   0.3853   0.00765   0.00231  -0.0286   0.7810   1.0000
   2.500   0.4329   0.00807   0.00239  -0.0261   0.6871   1.0000
   3.000   0.4803   0.00873   0.00260  -0.0240   0.5776   1.0000
   3.500   0.5280   0.00956   0.00299  -0.0223   0.4709   1.0000
   4.000   0.5770   0.01040   0.00347  -0.0211   0.3887   1.0000
   4.500   0.6274   0.01112   0.00404  -0.0203   0.3270   1.0000
   5.000   0.6780   0.01181   0.00464  -0.0195   0.2689   1.0000
   5.500   0.7252   0.01315   0.00544  -0.0185   0.1225   1.0000
   6.000   0.7674   0.01595   0.00781  -0.0166   0.0486   1.0000
   6.500   0.8116   0.01832   0.01029  -0.0147   0.0377   1.0000
   7.000   0.8561   0.02126   0.01346  -0.0127   0.0315   1.0000
   7.500   0.9014   0.02469   0.01718  -0.0109   0.0284   1.0000
   8.000   0.9393   0.03053   0.02360  -0.0088   0.0253   1.0000
   8.500   0.9701   0.03712   0.03108  -0.0059   0.0251   1.0000
   9.000   0.9759   0.04901   0.04443  -0.0011   0.0326   1.0000
